0.0432
0.2268
0.2268
0.2268
0.0
0.0
0.2542
0.2542
0.1676
0.464
0.2294
0.4936
0.5424
0.578
0.4946
0.5672
0.5672
0.5302
0.5302
0.5136
0.5136
0.3382
0.3626
0.35
0.3172
0.3172
0.3564
0.3564
0.661
0.661
0.6374
0.3176
0.5472
0.5592
0.524
0.0244
0.0328
0.0
0.0
0.0
0.0
0.0
0.0572
0.0354
0.0354
0.0354
0.0354
0.0354
0.0354
0.0354
0.0252
0.1024
0.1812
0.1552
0.1552
0.0436
0.0436
0.0436
0.0436
0.0738
0.0738
0.0
0.0
0.0
0.0
0.0648
0.0
0.028
0.028
0.0
0.0
0.0
0.0
0.0
0.0
0.0
0.0
0.0
0.0
0.0
0.0
0.0
0.0
0.0
0.0
0.0
0.0
0.0
0.0
0.0
0.0
0.0
0.0
0.0
0.0
0.0
0.0
0.0174
0.105
0.1152
0.0
0.0
0.0118
0.0754
0.0
0.0476
0.0
0.0
0.0
0.0
0.0
0.0
0.0
0.0
0.0
0.0
0.0
0.0
0.081
0.081
0.081
0.081
0.081
0.0
0.0
0.0174
0.0
0.0
0.0
0.0
0.0
0.0
0.0
0.0
0.072
0.0144
0.0144
0.0274
0.0274
0.0
0.1362
0.1362
0.0428
0.1034
0.0
0.0
0.0458
0.0
0.0
0.0
0.0
0.0
0.0
0.0
0.0
0.0
0.0
0.0
0.0
0.0
0.0
0.0
0.0
0.0
0.0
0.0
0.0
0.0292
0.0292
0.0
0.0
0.0
0.0
0.0
0.0
0.0
0.0
0.0
0.0126
0.0126
0.1734
0.0
0.0
0.0292
0.0292
0.1078
0.1576
0.1182
0.1182
0.1182
0.0748
0.0
0.0254
0.0254
0.0508
0.0508
0.0254
0.0254
0.0254
0.0254
0.0
0.0
0.0
0.0348
0.0222
0.0222
0.0222
0.0222
0.0222
0.0222
0.0
0.0
0.2206
0.2254
0.0
0.0
0.0
0.0
0.0
0.0
0.017
0.0
0.0
0.0
0.0
0.0
0.0
0.0
0.0
0.0
0.0
0.0
0.0
0.0604
0.0604
0.1824
0.1946
0.3066
0.177
0.1752
0.0
0.0
0.0
0.0
0.0
0.0
0.0
0.0
0.0
0.0
0.019
0.0
0.0
0.0
0.0
0.2232
0.0
0.0
0.0
0.0
0.0
0.0
0.1394
0.0
0.3836
0.0
0.0
0.0172
0.0172
0.0202
0.0202
0.0
0.0
0.0
0.0
0.0
0.0
0.0
0.0298
0.0286
0.0764
0.0424
0.1496
0.1496
0.1714
0.146
0.1282
0.025
0.025
0.0
0.0078
0.0076
0.0076
0.0076
0.0356
0.0
0.0752
0.2274
0.2284
0.1182
0.0844
0.0
0.0
0.0
0.0
0.0
0.0
0.0
0.0
0.0
0.0
0.0
0.0
0.0
0.0
0.0
0.2432
0.2432
0.2432
0.0
0.0
0.0
0.0604
0.2068
0.0
0.0448
0.436
0.1602
0.0412
0.0
0.0
0.0
0.0
0.0558
0.0
0.0544
0.0544
0.0
0.2502
0.1014
0.0
0.0
0.0
0.0
0.1538
0.1538
0.1134
0.1362
0.0
0.1298
0.0736
0.564
0.0
0.419
0.6234
0.6234
0.1064
0.5162
0.0466
0.0
0.0
0.0
0.0
0.0
0.0
0.0
0.0
0.0
0.174
0.2334
0.0
0.0
0.0
0.038
0.0
0.0
0.0546
0.0084
0.0
0.1382
0.1484
0.0
0.0
0.0
0.0
0.1162
0.3098
0.2094
0.2094
0.2094
0.0708
0.0
0.0852
0.0
0.0
0.0
0.0856
0.0846
0.0192
0.0192
0.0
0.0
0.0
0.1302
0.1302
0.1818
0.1824
0.0
0.022
0.0288
0.0
0.0012
0.0566
0.2572
0.1516
0.0982
0.1006
0.055
0.012
0.012
0.0344
0.0224
0.0224
0.0916
0.0
0.0
0.0484
0.46
0.0104
0.0104
0.2996
0.123
0.0726
0.0
0.0232
0.1218
0.0854
0.0
0.0
0.0562
0.0
0.0
0.0
0.0746
0.0746
0.0
0.0
0.0
0.0
0.052
0.227
0.227
0.227
0.2286
0.0006
0.0
0.0
0.0
0.0
0.1148
0.021
0.037
0.037
0.249
0.1034
0.2836
0.2836
0.2836
0.2836
0.094
0.094
0.1782
0.28
0.0
0.0
0.0082
0.0
0.0
0.0
0.0136
0.04
0.04
0.038
0.1046
0.1046
0.1046
0.1046
0.1046
0.0504
0.0682
0.0682
0.0
0.0486
0.0486
0.1134
0.1104
0.032
0.0132
0.0
0.0
0.0
0.0
0.0
0.0
0.0
0.0
0.0
0.0
0.0
0.0
0.068
0.0
0.0
0.1374
0.129
0.0324
0.0324
0.0
0.0474
0.0498
0.325
0.0
0.2476
0.6032
0.5128
0.5218
0.4734
0.4186
0.3646
0.6666
0.3596
0.2892
0.2486
0.1714
0.1028
0.14
0.129
0.1976
0.1524
0.0958
0.0
0.0
0.0
0.1826
0.0
0.0
0.0558
0.0558
0.0
0.2
0.0388
0.0
0.0
0.249
0.2482
0.0
0.0
0.0
0.0
0.0314
0.0344
0.1178
0.1178
0.0
0.0926
0.1232
0.0
0.0
0.0
0.0
0.0
0.0526
0.0526
0.1812
0.1812
0.2724
0.0
0.0
0.0
0.0
0.0
0.0
0.0
0.0
0.0
0.3844
0.0
0.0346
0.0346
0.0346
0.0346
0.319
0.0
0.0
0.0
0.0294
0.0
0.0
0.0
0.0
0.0
0.0816
0.1282
0.347
0.4508
0.3444
0.1906
0.1906
0.0
0.192
0.1576
0.1716
0.0
0.056
0.0946
0.0
0.0
0.0
0.0
0.0716
0.0064
0.0
0.031
0.031
0.0
0.4628
0.3932
0.3468
0.0
0.2322
0.0868
0.0
0.0
0.0
0.0
0.0
0.0
0.0
0.0384
0.0306
0.0
0.0
0.044
0.4964
0.0192
0.0
0.0
0.0
0.1864
0.2352
0.0418
0.0418
0.0
0.0
0.0
0.0
0.014
0.0
0.0
0.0
0.1604
0.1604
0.2284
0.0
0.0
0.1964
0.0
0.0
0.0
0.0
0.0
0.0
0.0
0.0
0.2884
0.1862
0.191
0.197
0.2536
0.2486
0.0
0.0
0.0
0.0
0.0
0.1632
0.0
0.1468
0.1468
0.0526
0.0526
0.0096
0.0
0.0
0.0
0.0444
0.0444
0.0698
0.1028
0.0
0.0
0.0
0.0546
0.0
0.0
0.0
0.0
0.0374
0.0
0.4394
0.3292
0.3162
0.1998
0.0
0.0184
0.0184
0.2886
0.2886
0.266
0.2258
0.2264
0.0032
0.0
0.0
0.0
0.0
0.0
0.0
0.0
0.0
0.0262
0.0
0.0
0.0
0.0
0.018
0.0
0.0
0.0
0.0
0.0
0.0
0.0
0.0
0.0
0.0
0.0126
0.0126
0.0
0.0
0.0
0.0
0.0
0.0
0.0
0.0
0.0
0.2838
0.092
0.0122
0.0
0.1064
0.1064
0.0444
0.0478
0.0478
0.1442
0.0086
0.0
0.0
0.0188
0.0188
0.0
0.107
0.107
0.0772
0.0
0.0
0.043
0.0
0.0
0.0252
0.1544
0.0
0.0
0.0142
0.0
0.0298
0.326
0.0214
0.0
0.1332
0.13
0.0
0.0
0.0
0.063
0.0
0.0
0.0
0.0374
0.0
0.0914
0.0914
0.413
0.364
0.3454
0.3112
0.2104
0.5398
0.093
0.093
0.0
0.0
0.154
0.0
0.0
0.0
0.0
0.0
0.0632
0.0
0.0
0.0
0.0
0.0
0.0534
0.1282
0.0522
0.0228
0.0
0.0
0.014
0.014
0.014
0.0
0.0
0.0
0.0566
0.0566
0.0312
0.0312
0.0
0.0
0.2076
0.0
0.0
0.0
0.0924
0.0924
0.0
0.0266
0.0266
0.0
0.2006
0.2006
0.3108
0.0974
0.0974
0.0
0.0
0.0
0.0
0.1524
0.3518
0.4008
0.4546
0.0264
0.0
0.2728
0.054
0.0
0.0
0.0
0.0
0.0
0.0
0.0
0.1292
0.1292
0.1292
0.2288
0.2034
0.0
0.0
0.0
0.3584
0.3714
0.0
0.0
0.0
0.0
0.0
0.0
0.1534
0.1534
0.0
0.0
0.0
0.0
0.0
0.0
0.0
0.0
0.0
0.0
0.0
0.0396
0.0396
0.0396
0.0
0.0
0.0
0.0
0.0
0.0
0.0
0.0
0.0
0.0276
0.0304
0.0988
0.0582
0.0
0.0
0.0
0.0
0.0
0.0
0.0
0.0
0.0
0.0
0.0
0.0
0.3284
0.3284
0.227
0.1794
0.0
0.0088
0.0176
0.0176
0.0176
0.0486
0.0
0.0
0.0
0.0
0.0768
0.0242
0.0
0.0
0.0
0.1076
0.0
0.0
0.0
0.0
0.0
0.0
0.0144
0.0
0.0
0.0
0.0
0.0678
0.0678
0.0678
0.0
0.2256
0.0
0.0
0.0
0.0
0.0
0.0
0.0
0.0
0.3516
0.0
0.0242
0.0242
0.0242
0.0242
0.0242
0.0242
0.017
0.0164
0.0
0.0134
0.144
0.105
0.0254
0.0
0.3132
0.0
0.0
0.0
0.0
0.0
0.1004
0.0412
0.0412
0.0
0.0
0.3678
0.3314
0.3052
0.2598
0.0
0.0982
0.1562
0.2706
0.0
0.0
0.0
0.0
0.0
0.0
0.2468
0.4122
0.4626
0.4626
0.0
0.0
0.0
0.0
0.0
0.0
0.0
0.3082
0.148
0.148
0.1654
0.0
0.0
0.0282
0.0282
0.0
0.0496
0.0
0.0
0.148
0.148
0.0748
0.0748
0.0
0.0
0.0
0.0
0.0494
0.0886
0.0886
0.0886
0.0
0.0
0.0
0.0
0.0
0.0
0.0
0.0
0.0
0.0
0.0
0.1974
0.0116
0.0
0.0
0.0812
0.0
0.0
0.0
0.0
0.0
0.0
0.0166
0.1042
0.1756
0.0696
0.0
0.0
0.0
0.2294
0.0
0.2038
0.2038
0.1848
0.0914
0.0
0.2886
0.2008
0.2006
0.0
0.0
0.0
0.0
0.0
0.0
0.0
0.0
0.0
0.0688
0.1058
0.0
0.0
0.0
0.0
0.0
0.0
0.0104
0.0104
0.0104
0.0
0.0
0.0
0.045
0.0
0.0
0.0
0.0
0.0
0.0
0.0
0.0
0.0
0.0
0.0
0.0
0.0
0.2016
0.0
0.0
0.0
0.0
0.0
0.0
0.0
0.0
0.0
0.2536
0.347
0.3882
0.4234
0.4914
0.0
0.0
0.0
0.0238
0.0238
0.0238
0.0166
0.0
0.1938
0.0
0.2164
0.6174
0.5322
0.0344
0.477
0.4546
0.3782
0.3002
0.4198
0.4198
0.7076
0.2768
0.183
0.3722
0.5642
0.5662
0.2842
0.542
0.0
0.0
0.0
0.0
0.0
0.0
0.0
0.1452
0.111
0.6252
0.2738
0.2804
0.0332
0.0332
0.0
0.031
0.0478
0.458
0.6574
0.2502
0.6266
0.3798
0.4682
0.6706
0.0
0.0254
0.0
0.0
0.0
0.0
0.0
0.0
0.0
0.0878
0.0992
0.0
0.0196
0.0
0.0102
0.0
0.1906
0.2834
0.0442
0.0442
0.2696
0.117
0.1714
0.0
0.0
0.0
0.0578
0.0
0.0
0.0454
0.0
0.0
0.0
0.0
0.0
0.0
0.0
0.0
0.0
0.0
0.0212
0.0212
0.1142
0.1548
0.2014
0.0
0.0
0.0
0.0
0.0
0.0434
0.0
0.0
0.0
0.0
0.0
0.0
0.0
0.0
0.0
0.0
0.0
0.0
0.0
0.0
0.0
0.0
0.0794
0.2016
0.5292
0.4784
0.6664
0.46
0.463
0.3824
0.5144
0.0562
0.1276
0.6022
0.5904
0.4362
0.3738
0.3162
0.4408
0.2706
0.343
0.0
0.0
0.0
0.0
0.0
0.0
0.0
0.37
0.5888
0.6708
0.5902
0.6058
0.0942
0.2776
0.0
0.0
0.0
0.0
0.029
0.0156
0.0
0.0
0.1056
0.0708
0.0
0.0192
0.0276
0.0276
0.0276
0.0
0.0798
0.0798
0.0798
0.021
0.0
0.0452
0.0
0.0
0.0
0.0
0.0
0.0
0.0
0.0
0.0
0.0
0.0
0.0
0.0
0.035
0.0362
0.0222
0.1034
0.0104
0.0296
0.0512
0.0
0.0
0.0
0.0
0.0
0.1388
0.1022
0.124
0.0644
0.1776
0.0372
0.0252
0.0
0.022
0.026
0.0
0.0
0.0
0.097
0.0
0.0
0.0
0.0
0.0
0.0
0.0814
0.0188
0.0252
0.0602
0.0488
0.0488
0.0
0.0
0.0
0.0
0.0
0.0672
0.0
0.0112
0.0
0.0
0.0
0.0
0.0
0.0
0.0684
0.0414
0.0
0.0
0.0
0.0
0.0
0.0
0.0
0.0
0.0
0.0
0.0
0.0
0.0
0.0
0.0206
0.0206
0.0206
0.0326
0.2774
0.0
0.0
0.0
0.0
0.0
0.1364
0.103
0.103
0.103
0.0812
0.17
0.231
0.3494
0.0
0.3012
0.2264
0.0696
0.0392
0.0952
0.0526
0.0
0.0
0.0
0.0
0.0
0.0
0.2388
0.0794
0.3834
0.0
0.1014
0.0436
0.0436
0.0436
0.1278
0.0
0.2466
0.0922
0.1712
0.1112
0.0336
0.0336
0.1402
0.0624
0.0736
0.0736
0.0
0.0
0.0322
0.0504
0.0752
0.0
0.1356
0.0452
0.3256
0.2498
0.08
0.0108
0.0
0.0
0.3692
0.019
0.305
0.0534
0.1714
0.1714
0.0
0.0236
0.0
0.0
0.0202
0.0202
0.0202
0.0202
0.0202
0.0
0.0
0.0
0.0
0.0
0.0
0.1056
0.0
0.0
0.326
0.1804
0.0498
0.0608
0.0512
0.0512
0.0
0.0126
0.0338
0.0742
0.0322
0.0322
0.0322
0.0322
0.0128
0.0128
0.0
0.2254
0.0
0.0
0.0
0.0
0.1122
0.009
0.0
0.0
0.0
0.0
0.0
0.0
0.2566
0.2566
0.032
0.175
0.229
0.095
0.2616
0.0
0.041
0.0
0.176
0.0
0.0078
0.1014
0.1302
0.1816
0.1816
0.0616
0.0616
0.0266
0.0666
0.0666
0.0502
0.0502
0.0502
0.0
0.0
0.1694
0.0
0.0
0.0
0.0
0.0084
0.0084
0.0
0.0
0.0306
0.2684
0.1746
0.2048
0.2048
0.1512
0.1512
0.3256
0.0
0.0
0.0
0.154
0.0462
0.0462
0.0462
0.0
0.0
0.0
0.0
0.0
0.0
0.1252
0.0448
0.0664
0.017
0.0
0.0186
0.0
0.0
0.0
0.0
0.0
0.0
0.2308
0.0486
0.0486
0.0766
0.0766
0.1936
0.274
0.445
0.4538
0.2448
0.2448
0.1552
0.464
0.5708
0.325
0.608
0.1774
0.1774
0.0
0.0
0.3416
0.2586
0.247
0.1582
0.0
0.0
0.0
0.1782
0.0
0.0212
0.0
0.0
0.0
0.0
0.0
0.0
0.0
0.0
0.0
0.0
0.2862
0.129
0.0226
0.0226
0.0162
0.0782
0.0954
0.0954
0.0954
0.0
0.2572
0.1932
0.1366
0.1994
0.0512
0.0902
0.3666
0.172
0.4914
0.373
0.1638
0.0704
