TL	Dhel	Dazt	Dalg	Dath
JAWNOL010000002.1:352265-477245	0.999144	0.999496	0.999584	0.999896
JAWNOL010000002.1:510367-621274	0	0.015950	0.002480	0.789247
JAWNOL010000002.1:1243931-1306349	0.846615	0.001121	0.987984	0.847640
JAWNOL010000002.1:1515589-1521340	0.997392	0.999826	0.999652	0.998609
JAWNOL010000002.1:1695841-1779819	0.607945	0.539046	0	0
JAWNOL010000003.1:73632-200698	0.023539	0.002015	0.021430	0
JAWNOL010000003.1:277412-402940	0.024680	0.010189	0.118547	0.001386
JAWNOL010000003.1:537905-555531	0.013276	0.070294	0	0
JAWNOL010000003.1:605710-634806	0.008661	0	0.008730	0
JAWNOL010000003.1:762701-818972	0.025146	0.009277	0.053900	0.051288
JAWNOL010000003.1:934337-1118591	0.065209	0.010323	0.132231	0.066718
JAWNOL010000003.1:1168838-1180116	0	0	0.379589	0
JAWNOL010000003.1:1241240-1279258	0.044979	0.024068	0.035246	0.112026
JAWNOL010000003.1:1561150-1716687	0.025795	0.005446	0.026354	0.012647
JAWNOL010000003.1:1893573-1974169	0.021651	0	0.159226	0
JAWNOL010000003.1:2079087-2127515	0.074626	0.014331	0.075886	0
JAWNOL010000003.1:2341692-2378551	0.091945	0	0.014108	0
JAWNOL010000003.1:2707597-2739513	0.069276	0.014820	0.014726	0.149204
JAWNOL010000003.1:2828340-3008601	0.037623	0.000227	0.012648	0.002119
JAWNOL010000003.1:3076613-3350674	0.000675	0	0.001047	0
JAWNOL010000004.1:1-3019	0	0.643472	0.055997	0.728628
JAWNOL010000005.1:15366-139375	0.069334	0.013854	0.005612	0.006177
JAWNOL010000005.1:198296-260056	0.072814	0.083744	0.047506	0.130181
JAWNOL010000005.1:512820-722567	0.006045	0	0	0.007190
JAWNOL010000005.1:862301-884574	0.012122	0.001841	0	0
JAWNOL010000005.1:1401425-1518365	0.014691	0	0.000479	0.035557
JAWNOL010000005.1:1592483-1668171	0	0	0	0
JAWNOL010000006.1:1-75610	0.015765	0.018807	0.081538	0.003849
JAWNOL010000010.1:1-48123	0.107747	0.052533	0.180250	0.075080
JAWNOL010000011.1:1-134110	0.213841	0.030281	0.499392	0.654341
JAWNOL010000012.1:1-116674	0.002880	0.019028	0.035749	0.013234
JAWNOL010000012.1:176405-280052	0.075690	0.000434	0.009108	0.000183
JAWNOL010000012.1:304425-304673	0	0	0	0
JAWNOL010000013.1:1-14861	0.522207	0.556797	0.471938	0.504913
JAWNOL010000014.1:743580-781640	0.999606	0.999343	0.999238	0.999895
JAWNOL010000014.1:816498-826777	0.951649	0.958362	0.997860	0.999319
JAWNOL010000014.1:992669-1014032	0.997987	0.998923	0.998923	0.997987
JAWNOL010000014.1:1395207-1449379	0.944898	0.999778	0.999889	0.999889
JAWNOL010000014.1:1759421-1812498	0.999077	0.999925	0.999378	0.999906
JAWNOL010000014.1:2726329-2789858	0.995168	0.983944	0	0
JAWNOL010000014.1:3522600-3570987	0.998843	0.988881	0.999690	0.999690
JAWNOL010000014.1:3618524-3624501	0.980258	0.994813	0.999331	0.997825
JAWNOL010000014.1:4681496-4723878	0.978647	0.980794	0.999174	0.999198
JAWNOL010000014.1:5898322-5929270	0.061232	0.999935	0.999903	0.999903
JAWNOL010000014.1:8433419-8463181	0.999395	0.991130	0.998354	0.998421
JAWNOL010000014.1:8646827-8652211	0.750186	0.992199	1.009101	0.999814
JAWNOL010000014.1:10739908-10758453	0.997627	0.999892	0.999838	0.999838
JAWNOL010000014.1:11058071-11076884	0.997927	0.998884	0.998459	0.998618
JAWNOL010000014.1:11243309-11419620	0.872271	0.951920	0.913142	0.935183
JAWNOL010000014.1:12851533-12912162	0.999868	0.999885	0.999819	0.999868
JAWNOL010000014.1:14766913-14841243	0.999946	0.999960	0.804722	0.999812
JAWNOL010000014.1:15634290-15669659	0.999887	0.999915	0.999604	0.999887
JAWNOL010000014.1:17398536-17495321	0.600620	0.984967	0.984812	0.985029
JAWNOL010000014.1:18027469-18064058	0.997404	0.999508	0.999590	0.999207
JAWNOL010000014.1:18365962-18383728	0.996904	0.995947	0.999268	0.999268
JAWNOL010000014.1:19573123-19626256	0.997177	0.998720	0.998701	0.998701
JAWNOL010000014.1:21127325-21167641	0.999405	0.999802	0.999405	0.999405
JAWNOL010000014.1:21723436-21731493	0	0.996897	0.122999	0.999504
JAWNOL010000014.1:23805970-23869647	0.999702	0.999953	0.999937	0.999937
JAWNOL010000014.1:24012718-24041464	0.998226	0.999896	0.484728	0.999861
JAWNOL010000014.1:24782289-24826811	0.999888	1.000000	0.999978	0.999888
JAWNOL010000014.1:25317219-25362745	0.999429	0.999824	0.999802	0.999802
JAWNOL010000014.1:25431279-25463179	0.999467	0.998245	0.999843	0.999843
JAWNOL010000014.1:25858205-25876434	0	0.997970	0.914916	0.998629
JAWNOL010000014.1:26431960-26547138	0.999939	0.999948	0.999939	0.999939
JAWNOL010000014.1:26812081-26919645	0.075332	0.752259	0.433686	0.082518
JAWNOL010000014.1:27397814-27524284	0.999968	0.999976	0.999937	0.999937
JAWNOL010000014.1:27649283-27738746	0.024871	0.007176	0.050535	0.035132
JAWNOL010000016.1:24749-172109	0.044999	0.001154	0.127796	0.041260
JAWNOL010000016.1:218327-260342	0	0.010187	0	0
JAWNOL010000016.1:990739-1041500	0.081756	0.024546	0.334154	0.507397
JAWNOL010000016.1:1332045-1364031	0.001125	0.002095	0.000594	0.010817
JAWNOL010000016.1:1536506-2237304	0.031701	0.001166	0.009984	0.000036
JAWNOL010000016.1:2686660-2833957	0.026844	0.009518	0.003931	0.033572
JAWNOL010000016.1:2926286-2953674	0.006864	0.061706	0	0.027056
JAWNOL010000017.1:2866-6898	0	0.024058	0.019097	0.878472
JAWNOL010000018.1:428155-456909	0.999757	0.999791	0.999583	0.999757
JAWNOL010000018.1:613071-658933	0.013802	0.739327	0.572653	0.984868
JAWNOL010000018.1:1168315-1226636	0.996039	0.999537	0.996811	0.999434
JAWNOL010000018.1:2621434-2636727	0.987968	0.254234	0.924933	0.998300
JAWNOL010000018.1:3559921-3742984	0.999798	0.999803	0.999978	0.999896
JAWNOL010000018.1:5114311-5125191	0.998437	0.999816	0.999357	0.999357
JAWNOL010000018.1:5788053-5812844	0.120528	0.133799	0.070872	0.825582
JAWNOL010000019.1:1-83695	0.057256	0.218594	0.109339	0.092623
JAWNOL010000019.1:252028-319014	0.143732	0.005494	0.001030	0.024453
JAWNOL010000019.1:850092-881893	0.420018	0	0	0
JAWNOL010000019.1:1334985-1338786	0.597211	0.667719	0.370429	0.007103
JAWNOL010000019.1:1763724-1891935	0.092184	0	0.197066	0.004688
JAWNOL010000021.1:399251-460125	0.999754	1.000000	0.999984	0.999984
JAWNOL010000021.1:1538259-1585441	0.073481	0.041266	0.853546	0.657200
JAWNOL010000021.1:2124893-2228027	0.299620	0.968623	0.814823	0
JAWNOL010000021.1:2668928-2724190	0	0.891336	0.882125	0.880225
JAWNOL010000021.1:2901974-2964243	0.999775	0.999855	0.999839	0.999839
JAWNOL010000021.1:3143047-3171204	0.997159	0.999041	0.998118	0.997620
JAWNOL010000021.1:4642309-4767570	0.999944	0.999952	0.999856	0.999912
JAWNOL010000021.1:5462854-5567729	0.999523	0.999828	0.999762	0.999762
JAWNOL010000021.1:6016098-6038833	1.003079	0.998636	0.998636	0.998636
JAWNOL010000021.1:7670459-7685055	0.053713	0.450603	0.253015	0
JAWNOL010000022.1:1-236182	0.034067	0.001626	0.000495	0
JAWNOL010000022.1:652262-714322	0.396761	0.997470	0.997567	0.998679
JAWNOL010000022.1:811141-884412	0.999304	0.999959	0.999754	0.999945
JAWNOL010000022.1:1671992-1763899	0.159825	0.127988	0.264811	0.019400
JAWNOL010000022.1:2675344-2723242	0.043467	0.077957	0.012986	0.125350
JAWNOL010000022.1:3110768-3189001	0.999054	0.999233	0.999092	0.999348
JAWNOL010000022.1:3253326-3286136	0.997867	0.999421	0.999787	0.999787
JAWNOL010000022.1:3581138-3608308	0.995326	0.995804	0.998859	0.998859
JAWNOL010000022.1:4050728-4070207	0.999692	0.998614	0.999692	0.998409
JAWNOL010000022.1:4551898-4639057	0.999679	0.962884	0.248638	0.999908
JAWNOL010000022.1:4797338-4880054	0.999577	0.999770	0	0.999843
JAWNOL010000022.1:5408562-5431292	0.023097	0.999252	0.999472	0.998284
JAWNOL010000023.1:487539-533641	0.965164	0.972583	0.999544	0.977832
JAWNOL010000024.1:1-33635	0.996878	0.999138	0.999078	0.999078
JAWNOL010000025.1:1-288650	0.039858	0	0.002515	0.001413
JAWNOL010000025.1:354835-416116	0.006560	0	0.044206	0
JAWNOL010000025.1:523888-538970	0.145007	0.026455	0.153561	0.070481
JAWNOL010000025.1:564742-634084	0.015272	0	0.009518	0.009345
JAWNOL010000025.1:705946-778177	0.025391	0.008944	0.010383	0.054270
JAWNOL010000026.1:77087-78629	0.405318	0	0	0
JAWNOL010000026.1:260735-328266	0.016955	0.030564	0.105492	0.021975
JAWNOL010000026.1:561201-594959	0.019669	0.274098	0.005688	0.119349
JAWNOL010000026.1:718986-759703	0	0.004740	0.228160	0.057249
JAWNOL010000026.1:818718-946713	0.092465	0.007641	0.046939	0.009688
JAWNOL010000026.1:1684959-1728005	0.283325	0.265878	0.419667	0.061446
JAWNOL010000026.1:2057632-2407550	0.757686	0.020788	0.770329	0.999274
JAWNOL010000026.1:2536748-2559506	0.996045	0.999605	0.999561	0.999561
JAWNOL010000026.1:2960593-3054096	0.741014	0.734073	0.733078	0.730116
JAWNOL010000026.1:3101643-3299894	0.230173	0	0.086920	0
JAWNOL010000026.1:3567343-3702022	0.999807	0.999963	0.999955	0.999955
JAWNOL010000026.1:3743336-3744464	0.016844	0.937943	0.369681	0.988475
JAWNOL010000026.1:3956912-3994179	0.997826	0.999812	0.999893	0.999893
JAWNOL010000026.1:4246304-4426415	0.995958	0.999956	0.999922	0.999950
JAWNOL010000026.1:4586701-4635879	0.998455	0.996238	0.999085	0.999329
JAWNOL010000026.1:4900869-4961160	0.987129	0.989899	0.998822	0.999038
JAWNOL010000026.1:7240904-7275624	0.999597	0.998531	0.997897	0.998934
JAWNOL010000026.1:8381288-8407303	0.999616	0.999885	0.999846	0.999846
JAWNOL010000026.1:8927648-8952715	0.831531	0.999441	0.859138	0.999322
JAWNOL010000026.1:9033514-9060962	0.999162	0.995992	0.999162	0.999490
JAWNOL010000026.1:10487417-10518927	0.999587	0.999968	0.998858	0.999937
JAWNOL010000026.1:10848136-10870555	0.851822	0.851956	0.852491	0.853160
JAWNOL010000026.1:11298013-11519459	0.996428	0.998117	0.999783	0.999783
JAWNOL010000027.1:164049-188075	0.204737	0.002872	0.068426	0
JAWNOL010000027.1:399011-616665	0.030953	0.045784	0.033438	0.005311
JAWNOL010000027.1:653865-766763	0.063881	0.051941	0.072065	0
JAWNOL010000027.1:941774-1038629	0.074792	0.100191	0.013907	0.037314
JAWNOL010000027.1:1228566-1417093	0.779437	0.725466	0.830507	0.116853
JAWNOL010000027.1:1461671-1501029	0.999060	0	0.999619	0.999619
JAWNOL010000027.1:1798889-1868424	0.998087	0.000345	0.962968	0.999382
JAWNOL010000027.1:2677417-2696081	0.998928	0.999839	0.999786	0.999786
JAWNOL010000027.1:3374937-3400444	0.997491	0.999530	0.999647	0.999137
JAWNOL010000027.1:3683208-3685611	0.588847	0	0.432792	0.992093
JAWNOL010000027.1:4369347-4433440	0.999641	0.999844	0.999828	0.999064
JAWNOL010000027.1:4736340-4758451	0.998824	0.999457	0.999412	0.999412
JAWNOL010000027.1:4782106-4827029	0.997997	0.998753	0.989404	0.999577
JAWNOL010000027.1:4873198-4966927	0.991401	0.999296	0.793981	0.999136
JAWNOL010000028.1:1-110887	0.004942	0.011327	0.006637	0.269493
JAWNOL010000028.1:185345-189479	0.004354	0	0.421384	0.458394
JAWNOL010000028.1:202786-291910	0.057953	0	0.007282	0
JAWNOL010000029.1:1-1107	0	0.240506	0.527125	0.139241
JAWNOL010000031.1:94017-229758	0.021755	0.986784	0.822824	0.828954
JAWNOL010000031.1:802949-851822	0.177419	0.991693	0.999632	0.996665
JAWNOL010000031.1:1432133-1440583	0.985207	0.984852	0.996686	0.997870
JAWNOL010000031.1:1454082-1517183	0.999715	0	0.999842	0.999842
JAWNOL010000031.1:1986936-2010500	0.928280	0.930699	0.930869	0.975216
JAWNOL010000031.1:2302907-2336750	0.999173	0.491357	0.999764	0.999764
JAWNOL010000031.1:2451406-2478725	0.785351	0.001903	0.775614	0.001647
JAWNOL010000031.1:2644867-2729095	0.999976	0.999786	0.999976	0.999976
JAWNOL010000031.1:2825510-2881237	0.999515	0.998690	0	0.998834
JAWNOL010000031.1:3192053-3272518	0.999279	0.999316	1.004486	0.999727
JAWNOL010000031.1:3639637-3665998	0.997534	0.997724	0.998862	0.999014
JAWNOL010000031.1:3721198-3729313	0.986691	0.994331	0.994948	0.994948
JAWNOL010000032.1:1-146607	0.137812	0.010682	0.348512	0.060209
JAWNOL010000035.1:1-67512	0.159915	0.154938	0.168195	0.157115
JAWNOL010000036.1:1-49459	0.107061	0	0.000829	0
JAWNOL010000038.1:244832-296208	0	0.028048	0.013761	0.007980
JAWNOL010000039.1:1-32473	0.550166	0	0	0.003418
JAWNOL010000039.1:645104-649947	0.995044	0.999174	0.995044	0.998968
JAWNOL010000039.1:1271239-1362515	0.999814	0.999923	0.999858	0.999397
JAWNOL010000039.1:1550785-1570351	0.999336	0.998722	0.999489	0.999489
JAWNOL010000039.1:2051831-2084436	0.999724	0.999325	0.998068	0.999724
JAWNOL010000039.1:2266238-2289153	0.964085	0.978791	0.975562	0.997294
JAWNOL010000039.1:2543505-2605409	0.595939	0.748562	0.683478	0.410329
JAWNOL010000039.1:3461638-3508925	0.961490	0.965530	0.960412	0.985662
JAWNOL010000039.1:3900142-3948795	0.995375	0.996650	0.996876	0.996650
JAWNOL010000039.1:4037412-4039647	0.972707	0.991946	0.992841	0.992841
JAWNOL010000039.1:4278316-4283470	0.611952	0.667249	0.311021	0.019014
JAWNOL010000039.1:4954373-5006085	0.999865	0.995958	0.999923	0.999923
JAWNOL010000039.1:6589965-6632980	0.842660	0.943764	0.964315	0.946461
JAWNOL010000039.1:6893483-6916413	0.948626	0.996206	0.999869	0.993938
JAWNOL010000039.1:10594375-10605553	0.994453	0.998390	0.996690	0.998300
JAWNOL010000039.1:11270293-11282945	0.421752	0.294894	0.534777	0.003399
JAWNOL010000039.1:12048528-12070149	0.993710	0.999121	0.999861	0.999861
JAWNOL010000039.1:13112896-13164708	0.961322	0.929785	0.949047	0.929900
JAWNOL010000039.1:13348298-13449925	0.932518	0.959263	0.962451	0.882020
JAWNOL010000039.1:13595968-13635568	0.999874	0.999293	0.999874	0.999874
JAWNOL010000039.1:14566137-14613149	0.310559	0.935974	0.630988	0.944546
JAWNOL010000039.1:15184049-15273916	0.586589	0.997229	1.004039	0.999455
JAWNOL010000039.1:15467702-15477140	0.996398	0.999470	0.999364	0.999364
JAWNOL010000039.1:15691506-15706858	0.987233	0.975638	0.966324	0.993942
JAWNOL010000039.1:16154362-16254916	0.932136	0.941544	0.935676	0.935010
JAWNOL010000039.1:16418778-16454735	0.004950	0.725505	0.999944	0.999944
JAWNOL010000039.1:16699929-16722041	0.996292	0.999819	0.999774	0.049068
JAWNOL010000039.1:16970843-17041525	0	0.999873	0.999859	0.999972
JAWNOL010000039.1:18712404-18736211	0.691981	0.724283	0.943084	0.859159
JAWNOL010000039.1:18844057-18905965	0	0.981747	0.973493	0.970925
JAWNOL010000039.1:19081854-19304141	0.001381	0.997683	0.991709	0
JAWNOL010000039.1:19958082-20017417	0.998803	0.999747	0.999933	0.999933
JAWNOL010000039.1:20601194-20648551	0.425977	0.365986	0.577085	0
JAWNOL010000041.1:1-7834	0.476701	0.514618	0.943061	0.563641
JAWNOL010000042.1:1-167492	0.247786	0.075700	0.359207	0.010066
JAWNOL010000043.1:102935-243736	0.155709	0.106171	0.431616	0.140652
JAWNOL010000043.1:260950-298122	0.973690	0.822958	0.994996	0.825729
JAWNOL010000044.1:76476-192301	0.009169	0.010119	0.010568	0.059901
JAWNOL010000044.1:313213-471934	0.019393	0	0.002879	0.003818
JAWNOL010000044.1:527344-743725	0.076559	0.004691	0	0
JAWNOL010000045.1:339098-392220	0.000339	0.928579	0.924175	0.924532
JAWNOL010000045.1:710823-766359	0.970452	0.973621	0.901361	0.971118
JAWNOL010000045.1:931511-948628	0.997313	0.998598	0.998773	0.995735
JAWNOL010000046.1:1-23059	0.210816	0.025197	0.238833	0.091422
JAWNOL010000048.1:11200-110444	0.006288	0.012686	0.016616	0.000534
JAWNOL010000049.1:62773-84015	0.049336	0.072545	0	0.016288
JAWNOL010000052.1:1-9393	0.809625	0.768846	0.910669	0.818782
JAWNOL010000054.1:1-340828	0.032539	0.003189	0.040804	0.000543
JAWNOL010000054.1:654074-710721	0.061627	0.002418	0.003990	0.002277
JAWNOL010000054.1:848749-904249	0.016396	0	0	0.012505
JAWNOL010000054.1:1006908-1264088	0.008963	0.013131	0.077825	0.000521
JAWNOL010000055.1:1-226168	0.111192	0.001035	0.023766	0.000115
JAWNOL010000055.1:277917-504469	0.019166	0.016341	0.014028	0.000477
JAWNOL010000055.1:663872-748820	0.009241	0.012655	0.000294	0.008488
JAWNOL010000055.1:790198-915989	0.005104	0.008562	0.060744	0.007194
JAWNOL010000055.1:941997-1170112	0.041725	0.025404	0.153765	0.001683
JAWNOL010000055.1:1341639-1494932	0.020621	0.006406	0.051000	0.001083
JAWNOL010000055.1:1577325-1611378	0.019499	0.006754	0	0.045429
JAWNOL010000055.1:1696805-1781127	0.045291	0.011563	0.187685	0.010045
JAWNOL010000055.1:1786972-1938508	0.077572	0.014043	0.006269	0
JAWNOL010000055.1:2030545-2036455	0.056176	0	0	0
JAWNOL010000055.1:2052269-2055896	0.265784	0.026192	0	0
JAWNOL010000055.1:2097100-2258012	0.037020	0	0	0
JAWNOL010000055.1:2304107-2345014	0.194832	0.316670	0	0.369717
JAWNOL010000056.1:242769-393782	0.993279	0.994398	0.994391	0.994464
JAWNOL010000057.1:14419-588586	0.049423	0.004196	0.138960	0.002788
JAWNOL010000057.1:656940-716990	0.124213	0.029709	0.359217	0.026112
JAWNOL010000057.1:777249-777765	0.352713	0.488372	0	0.416667
JAWNOL010000057.1:921854-935169	0.502140	0.520691	0.475253	0.568457
JAWNOL010000057.1:1246059-1383266	0.699432	0.708557	0.005342	0.004045
JAWNOL010000057.1:1473193-1599541	0.999968	0.999818	0.999850	0.999881
JAWNOL010000057.1:1735936-2067111	0.031458	0.002265	0.093706	0.030757
JAWNOL010000058.1:1-178044	0.046298	0.003331	0.029937	0.001865
JAWNOL010000058.1:458917-804590	0.009532	0	0.026299	0.000052
JAWNOL010000058.1:993660-1121744	0.104517	0.009424	0.017340	0.023063
JAWNOL010000058.1:1233524-1561383	0.025023	0.018795	0.014125	0.006890
JAWNOL010000058.1:1834292-1847574	0.061060	0	0.045626	0.003237
JAWNOL010000058.1:2214454-2497323	0.052116	0	0.025552	0.004522
JAWNOL010000058.1:2653859-2964520	0.069729	0.004799	0.017917	0.029102
JAWNOL010000060.1:1-36802	0.034564	0.002310	0.004701	0
JAWNOL010000060.1:169985-177980	0.041401	0.008755	0.046279	0.017136
JAWNOL010000060.1:218719-291529	0	0.005576	0.030257	0
JAWNOL010000060.1:340626-547203	0.012213	0	0.016720	0.007663
JAWNOL010000060.1:613686-867153	0.030619	0	0	0
JAWNOL010000060.1:905977-953054	0.005990	0.023026	0.033668	0
JAWNOL010000060.1:1199146-1506352	0.012571	0.008867	0.002308	0.000062
JAWNOL010000061.1:1-10678	0.692142	0.444975	0.955886	0.928913
JAWNOL010000063.1:187284-205770	0.136319	0.145353	0.023640	0.009737
JAWNOL010000063.1:268681-297516	0.004058	0.002566	0.069152	0.008323
JAWNOL010000063.1:449534-462371	0.007011	0.672821	0	0
JAWNOL010000063.1:484816-496395	0.194231	0.081700	0	0
JAWNOL010000063.1:513378-601978	0.033160	0.085666	0.044966	0.026354
JAWNOL010000063.1:680842-956977	0.048379	0.000464	0.023525	0.016894
JAWNOL010000063.1:997385-1184289	0.028533	0.002252	0.003638	0.000861
JAWNOL010000063.1:1366238-1497625	0.055310	0.021509	0.072640	0.017270
JAWNOL010000063.1:1535768-1779311	0.012191	0.026078	0.011230	0.001092
JAWNOL010000063.1:2148183-2639241	0.018686	0.002719	0.018650	0.000381
JAWNOL010000064.1:46284-302033	0.211399	0.009713	0.037212	0.006698
JAWNOL010000066.1:1-31732	0.312029	0.525417	0.990482	0.007532
JAWNOL010000066.1:2433816-2462367	0.895836	0.997023	0.999825	0.998319
JAWNOL010000066.1:2838083-2936430	0.873133	0.062585	0.924441	0.898024
JAWNOL010000067.1:1-294193	0.022543	0.000381	0.021102	0.010517
JAWNOL010000067.1:393503-444333	0.058233	0	0	0.126402
JAWNOL010000068.1:706519-790492	0.268181	0.038143	0.000286	0.005645
JAWNOL010000069.1:274758-299737	0.995636	0.997438	0.999199	0.999199
JAWNOL010000069.1:1039740-1060419	0.417912	0.524155	0.358383	0.999855
JAWNOL010000069.1:1172448-1194661	0.011840	0.199118	0.360690	0.196236
JAWNOL010000069.1:3401806-3488604	0.999309	0.999320	0.999366	0.999597
JAWNOL010000069.1:4384374-4475678	0	0.999978	0.999967	0.999814
JAWNOL010000070.1:16801-167138	0.027299	0.001856	0.092166	0.006652
JAWNOL010000071.1:1-49152	0.015381	0.844174	0.459848	0.433196
JAWNOL010000071.1:131909-227868	0.026543	0	0.076324	0
JAWNOL010000073.1:20497-208137	0.018370	0.003853	0.056449	0.008053
JAWNOL010000073.1:633733-732469	0.036339	0.016387	0.026951	0.011019
JAWNOL010000073.1:802161-851483	0.053729	0.008130	0.120980	0.070354
JAWNOL010000073.1:1572282-1581633	0.003529	0	0.007379	0
JAWNOL010000073.1:1771135-1777838	0.008802	0.127555	0.115023	0.177532
JAWNOL010000073.1:1786559-1793125	0	0.022693	0	0.209869
JAWNOL010000073.1:2052972-2141681	0.009886	0.006944	0.007023	0.004802
JAWNOL010000073.1:2257986-2365884	0.023235	0.038796	0.022021	0.044449
JAWNOL010000073.1:2426306-3010584	0.022330	0.004909	0.028421	0.000349
JAWNOL010000073.1:3194227-3437126	0.018971	0.008654	0.020465	0
JAWNOL010000073.1:4234585-4852316	0.027747	0.000861	0.041960	0
JAWNOL010000073.1:4983893-5083574	0.005879	0	0.017185	0
JAWNOL010000073.1:5169848-5178185	0.109632	0.104594	0.442725	0
JAWNOL010000073.1:5201399-5324031	0.031264	0.062056	0.012444	0.009361
JAWNOL010000073.1:5351891-5367345	0.041284	0.039925	0.724084	0.127281
JAWNOL010000073.1:5371245-5398796	0.048964	0.036804	0	0
JAWNOL010000073.1:5401569-5427748	0.485160	0.072921	0.154628	0.003438
JAWNOL010000073.1:5528591-5605004	0.003651	0.002277	0	0
JAWNOL010000073.1:5953177-5956691	0	0.017644	0.468981	0.071429
JAWNOL010000073.1:6056452-6063249	0.112403	0	0	0
JAWNOL010000074.1:1-11218	0.993759	0.992779	0.994918	0
JAWNOL010000076.1:1-210371	0.231972	0.053202	0.085863	0.206294
JAWNOL010000076.1:300123-422626	0.089035	0.027836	0.036138	0.090414
JAWNOL010000076.1:471665-632950	0.101690	0.038863	0.277571	0.039830
JAWNOL010000076.1:678806-894603	0.318512	0.617205	0.082156	0.201643
JAWNOL010000076.1:1006187-1045344	0	0	0	0
JAWNOL010000076.1:1260547-1556628	0.007937	0.001047	0.002638	0.123169
JAWNOL010000076.1:1696942-1731603	0.881077	0.982516	0.855803	0.982488
JAWNOL010000077.1:1-12402	0.332070	0.441739	0.277800	0.430691
JAWNOL010000078.1:1-11396	0.926371	0.201229	0.813602	0.946380
JAWNOL010000079.1:1-45450	0.440120	0.488460	0.745715	0.121191
JAWNOL010000082.1:1-227573	0.088201	0.004816	0.020798	0.016896
JAWNOL010000083.1:217869-1191390	0.038205	0.008542	0.073454	0.006725
JAWNOL010000083.1:1313997-1563452	0.053436	0.001583	0.000730	0.000694
JAWNOL010000083.1:1589025-1863380	0.050333	0.000813	0.030650	0.016085
JAWNOL010000083.1:2264310-2326487	0.022356	0	0.010534	0
JAWNOL010000083.1:2459037-2564002	0.031268	0.022379	0.153889	0.984976
JAWNOL010000083.1:2645296-2672542	0.027087	0.016847	0	0
JAWNOL010000083.1:2843967-2880127	0.019165	0	0.050360	0
JAWNOL010000083.1:2887322-2888539	0	0	0	0
JAWNOL010000087.1:1-21202	0.023489	0.136173	0.028584	0
JAWNOL010000089.1:141368-149439	0.207781	0.038285	0.079792	0.009664
JAWNOL010000089.1:154727-158108	0.359953	0.161786	0.032535	0
JAWNOL010000091.1:484087-538847	0.522407	0.536432	0.534332	0.536505
JAWNOL010000091.1:687227-705857	0.038540	0.760870	0.999463	0.847128
JAWNOL010000091.1:1675599-1873031	0	0.963750	0.963947	0.963947
JAWNOL010000091.1:2555502-2613247	0.998753	0.999134	0.507507	0.999896
JAWNOL010000091.1:2910396-2962329	0.999422	0.999769	0.999923	0.999923
JAWNOL010000091.1:3249645-3452481	0.996973	0.999714	0.496189	0.999739
JAWNOL010000091.1:3912194-4013224	0	0.994259	0.969722	0.988152
JAWNOL010000091.1:4142578-4213804	0.998722	0.999986	0.999972	0
JAWNOL010000091.1:4259036-4270143	0.986135	0.999820	0.994958	0.999730
JAWNOL010000091.1:4348677-4484705	0.928199	0.999728	0.999743	0.999743
JAWNOL010000091.1:4729234-4772995	0.999726	0.999909	0.999543	0.999543
JAWNOL010000091.1:4830768-4976908	0.008163	0.006939	0.999240	0.999829
JAWNOL010000091.1:5033109-5456942	0.999955	0.999998	0.115210	0.999995
JAWNOL010000091.1:6610272-6659275	0.999388	0.999531	0.991980	0.999837
JAWNOL010000093.1:80515-165443	0.021771	0.000624	0.009679	0.008819
JAWNOL010000093.1:248744-370066	0.063797	0	0.050246	0
JAWNOL010000094.1:1-303554	0.933211	0.939665	0.742931	0.935484
JAWNOL010000094.1:477034-537675	0.130588	0.172276	0.304052	0.994360
JAWNOL010000094.1:671547-716592	0.992030	0.998912	0.996870	0.999156
JAWNOL010000094.1:867030-913690	0.999400	0.331097	0.999893	0.999893
JAWNOL010000094.1:1155476-1176540	0.252279	0.081229	0.558061	0.007359
JAWNOL010000094.1:1494349-1503671	0.575306	0.567368	0.575520	0.995816
JAWNOL010000094.1:1806667-1884431	0.430636	0.998675	0.988362	0.999138
JAWNOL010000094.1:1956289-2155747	0.999885	0.999955	0.999975	0.999975
JAWNOL010000094.1:2237216-2295268	0.999638	0.999948	0.999690	0.999931
JAWNOL010000094.1:2354134-2389231	0.995840	0.998347	0.998547	0.998091
JAWNOL010000094.1:3118043-3259757	0.999965	0.999972	0.918801	0.999965
JAWNOL010000094.1:3289545-3337659	0.926508	0.918132	0.924263	0.924180
JAWNOL010000094.1:3683313-3749676	0.927686	0	0.999096	0.923903
JAWNOL010000094.1:3886598-3938830	0.993299	0.992476	0.993261	0.993261
JAWNOL010000094.1:3978188-4011048	0.996896	0.999787	0.999757	0.999574
JAWNOL010000094.1:4265806-4346673	0.999716	0.999839	0.999975	0.999975
JAWNOL010000094.1:4608971-4806544	0.961214	0	0.999904	0.999813
JAWNOL010000094.1:4961842-4979860	0.484127	0.003108	0.653458	0.628427
JAWNOL010000094.1:5105580-5194950	0.998736	0.998993	0.999519	0.999519
JAWNOL010000094.1:5664393-5781225	0.985295	0.998322	0.999872	0.998194
JAWNOL010000094.1:6128176-6262086	0.999029	0.999350	0.999791	0.999791
JAWNOL010000094.1:6424377-6457695	0.999160	0.999700	0.999070	0.999250
JAWNOL010000094.1:6710384-6804654	0.558152	0	0.999576	0.999576
JAWNOL010000094.1:6983144-7024900	0.987068	0.988720	0.987427	0.987187
JAWNOL010000094.1:7163333-7188620	0.999723	0.999763	0.999723	0.999723
JAWNOL010000094.1:7499211-7520359	0.996926	0.999243	0.995933	0.996785
JAWNOL010000094.1:8011122-8153199	0.995812	0.999965	0.999958	0.999958
JAWNOL010000094.1:8366066-8382445	0.998901	0.998962	0.999023	0.999634
JAWNOL010000094.1:8797153-8820923	0.985402	0.993942	0.997939	0.997939
JAWNOL010000094.1:9407252-9454304	0.948589	0.979512	0	0
JAWNOL010000094.1:9692866-9796225	0.999071	0.999884	0.999961	0.998800
JAWNOL010000094.1:9924324-10012505	0.967850	0.999909	0.976900	0.999807
JAWNOL010000094.1:10357949-10390649	0.997431	0.997339	0.997645	0.997645
JAWNOL010000094.1:10821421-10853048	0.927246	0.961331	0.961299	0.965852
JAWNOL010000094.1:12311062-12355622	0.999798	0.999529	0.999888	0.999888
JAWNOL010000094.1:13049443-13126574	0.998924	0.999274	0.999468	0.999183
JAWNOL010000094.1:14000446-14027684	0.168808	0.010720	0.707284	0.696013
JAWNOL010000097.1:402572-424141	0.997172	0.999305	0.999815	0.999815
JAWNOL010000097.1:1016281-1094080	0.993586	0.999884	0.999871	0.999923
JAWNOL010000097.1:2079118-2130280	0.990794	0.995485	0.998202	0.994039
JAWNOL010000097.1:2175842-2206124	0.999769	0.999802	0.999769	0.999769
JAWNOL010000097.1:2881904-2903659	0	0.010572	0.707194	0.592370
JAWNOL010000097.1:3071257-3124503	0.908763	0.999737	0.999793	0.834016
JAWNOL010000097.1:4299108-4407856	0.999899	0.999963	0.148463	0.999954
JAWNOL010000097.1:4521017-4696033	0.937686	0.999183	0.885742	0.999754
JAWNOL010000097.1:4809539-4871597	0.003046	0.999694	0.999936	0.999936
JAWNOL010000097.1:5101127-5294572	0.154623	0.863150	0	0.862235
JAWNOL010000097.1:5355625-5369288	0.037181	0.580253	0.688063	0.004318
JAWNOL010000097.1:5534633-5538721	0.280577	0.620352	0.578523	0.621575
JAWNOL010000097.1:5564079-6123385	0.103451	0.007776	0.005630	0.011781
JAWNOL010000097.1:6179893-6290322	0.022594	0.008349	0.010794	0.000417
JAWNOL010000097.1:6431198-6502524	0.041415	0.006603	0.074040	0.001248
JAWNOL010000097.1:6565121-6747484	0.001294	0	0.066883	0.000165
JAWNOL010000097.1:6827645-7160271	0.075057	0.004065	0.017254	0.013826
JAWNOL010000097.1:7317176-7455782	0.023881	0	0.001602	0
JAWNOL010000097.1:7531206-7821026	0.010358	0	0.031906	0
JAWNOL010000097.1:7842348-8155752	0.041352	0.000383	0.022396	0.001487
JAWNOL010000097.1:8279481-8403862	0.014190	0.001310	0.000547	0
JAWNOL010000097.1:8671402-9209267	0.054718	0.001768	0.027373	0.007056
JAWNOL010000098.1:1-10256	0.060458	0.157094	0.075280	0.013944
JAWNOL010000099.1:93000-106665	0.298646	0.087889	0.986535	0.987047
JAWNOL010000099.1:177461-361638	0.953203	0.990276	0.984200	0
JAWNOL010000099.1:426408-499369	0.999657	0.999548	0.999918	0.999918
JAWNOL010000099.1:690968-885485	0.999028	0.999985	0.999897	0.999979
JAWNOL010000099.1:910183-946791	0.985304	0.982955	0.998962	0.999508
JAWNOL010000101.1:1-37639	0.357431	0.107790	0.998672	0.007280
JAWNOL010000101.1:271490-272184	0	0.700288	0.025937	0.912104
JAWNOL010000101.1:355715-458911	0	0.426780	0.142961	0.430317
JAWNOL010000103.1:1-82415	0.547989	0.908426	0.591744	0.908644
JAWNOL010000103.1:193577-810155	0.225801	0	0.652861	0.001880
JAWNOL010000103.1:911321-1037430	0.086861	0.006613	0.001856	0.008413
JAWNOL010000103.1:1189893-1470382	0.038597	0.000667	0.060526	0.000592
JAWNOL010000103.1:1519434-1930528	0.060757	0	0.203440	0.014880
JAWNOL010000103.1:1988119-2304117	0.078019	0.001766	0.004335	0.005215
JAWNOL010000103.1:2413472-2453644	0.203151	0.010206	0.812606	0.869835
JAWNOL010000103.1:2533996-2830652	0.038819	0.000998	0	0
JAWNOL010000104.1:1-50152	0.008016	0	0.003310	0
JAWNOL010000104.1:219068-237106	0.024448	0.034649	0.241546	0.009092
JAWNOL010000104.1:258654-380820	0.000278	0.143469	0.002317	0.001211
