0.2726
0.3066
0.3
0.1808
0.1828
0.5756
0.6568
0.3776
0.4074
0.3648
0.393
0.3802
0.3802
0.1766
0.0412
0.0772
0.0772
0.0772
0.0772
0.0772
0.8044
0.6804
0.6966
0.6976
0.2904
0.0
0.0
0.0
0.0
0.236
0.1918
0.228
0.3266
0.3288
0.3328
0.4286
0.0626
0.0
0.0
0.0
0.382
0.7668
0.7406
0.7174
0.2376
0.4478
0.2448
0.2064
0.076
0.259
0.3538
0.1822
0.0
0.0
0.408
0.4502
0.1216
0.6432
0.5614
0.3702
0.6558
0.49
0.907
0.6534
0.3448
0.539
0.4712
0.4938
0.2812
0.5208
0.4964
0.3038
0.2916
0.5
0.3026
0.0
0.4434
0.313
0.5552
0.5714
0.388
0.4136
0.5046
0.485
0.4976
0.5836
0.3686
0.5118
0.2106
0.4092
0.431
0.2206
0.0404
0.3044
0.5672
0.712
0.5564
0.1706
0.345
0.4938
0.355
0.3192
0.6992
0.5686
0.5976
0.366
0.3558
0.5978
0.631
0.6144
0.5104
0.2774
0.6308
0.6204
0.5166
0.1236
0.0662
0.4044
0.3276
0.455
0.4762
0.2188
0.6184
0.1828
0.1936
0.6118
0.5314
0.4838
0.5316
0.5982
0.1086
0.4244
0.4946
0.2114
0.0
0.5464
0.6318
0.467
0.2084
0.5764
0.6634
0.6986
0.4838
0.8358
0.5266
0.0
0.4238
0.2652
0.543
0.5662
0.544
0.0
0.0
0.4448
0.7844
0.216
0.7332
0.5898
0.657
0.295
0.295
0.202
0.176
0.3954
0.5954
0.539
0.2718
0.702
0.2484
0.358
0.4064
0.396
0.6806
0.547
0.253
0.253
0.2094
0.401
0.5372
0.5898
0.296
0.3154
0.68
0.7158
0.2478
0.2148
0.2494
0.354
0.4654
0.2914
0.3534
0.7164
0.6302
0.6612
0.3356
0.3218
0.4682
0.4884
0.7224
0.6414
0.6722
0.6314
0.629
0.3114
0.3006
0.2326
0.2662
0.2314
0.188
0.6548
0.5388
0.6976
0.562
0.3342
0.4322
0.583
0.5848
0.5164
0.493
0.7192
0.5874
0.5428
0.5428
0.6462
0.5392
0.5374
0.4002
0.4002
0.0994
0.0
0.319
0.7596
0.7748
0.563
0.5402
0.5384
0.4752
0.4752
0.4752
0.209
0.3014
0.778
0.4156
0.4604
0.4684
0.4646
0.3782
0.2924
0.457
0.4328
0.411
0.274
0.2432
0.0202
0.0666
0.1166
0.1886
0.298
0.0656
0.0656
0.2278
0.1284
0.4386
0.5868
0.6226
0.5512
0.3588
0.5222
0.4886
0.4826
0.6508
0.077
0.9294
0.9294
0.6782
0.152
0.796
0.6764
0.4018
0.4438
0.822
0.7258
0.0
0.0
0.0
0.0
0.0
0.0
0.0
0.0
0.0
0.343
0.0
0.0
0.0
0.0364
0.0
0.0
0.0
0.0
0.0
0.0
0.0
0.2822
0.2822
0.0162
0.0162
0.0162
0.0162
0.0162
0.055
0.0
0.6892
0.01
0.0
0.1334
0.1334
0.0
0.0
0.0582
0.0582
0.0582
0.0
0.0
0.0
0.0
0.0
0.0
0.0
0.0
0.0
0.0
0.0
0.0
0.0
0.0
0.0
0.263
0.0
0.0
0.0
0.0348
0.055
0.055
0.055
0.0
0.0
0.0
0.0
0.0152
0.0
0.0
0.0346
0.0346
0.0
0.0
0.0
0.0
0.0362
0.0362
0.0
0.0
0.0
0.0
0.1608
0.0
0.0
0.0
0.0
0.0
0.0
0.0
0.0
0.009
0.009
0.009
0.009
0.009
0.009
0.009
0.009
0.009
0.0
0.0
0.0
0.0
0.0
0.013
0.0136
0.1824
0.235
0.1282
0.1182
0.1182
0.0254
0.0508
0.0508
0.0254
0.0254
0.0254
0.0478
0.0508
0.0254
0.0254
0.0254
0.0254
0.0478
0.0508
0.0254
0.0254
0.0254
0.0254
0.0478
0.0508
0.0254
0.0254
0.0
0.0
0.0
0.0
0.0
0.0254
0.0254
0.0254
0.0
0.0
0.0
0.0
0.0
0.0
0.0
0.0
0.0
0.0404
0.0
0.0
0.0
0.0
0.0
0.0
0.0
0.0
0.0
0.0
0.1198
0.1766
0.304
0.0348
0.0338
0.0
0.0172
0.0
0.0
0.0
0.0084
0.0084
0.0
0.0
0.0
0.0
0.0
0.019
0.019
0.0628
0.0412
0.0412
0.0672
0.0672
0.091
0.091
0.0
0.0
0.0
0.0268
0.0268
0.0268
0.0268
0.0268
0.0268
0.0268
0.0268
0.3338
0.0436
0.0434
0.4512
0.372
0.0172
0.0398
0.0876
0.0876
0.0876
0.0876
0.0308
0.0308
0.0238
0.0456
0.0456
0.0456
0.0456
0.0
0.0
0.0074
0.0074
0.0074
0.0074
0.0148
0.0148
0.0148
0.0148
0.0148
0.0148
0.0148
0.0148
0.0148
0.0148
0.0148
0.0148
0.0148
0.0148
0.0148
0.0148
0.0148
0.0148
0.0148
0.0148
0.0176
0.0176
0.0176
0.0176
0.0032
0.0102
0.0984
0.0142
0.0142
0.0
0.0
0.0752
0.0862
0.0
0.0076
0.014
0.014
0.014
0.028
0.0
0.0076
0.014
0.014
0.014
0.042
0.0082
0.0082
0.0516
0.0572
0.1032
0.0992
0.1032
0.1032
0.0994
0.1052
0.0822
0.0936
0.0936
0.0166
0.0
0.1016
0.1016
0.1016
0.1016
0.0474
0.0478
0.0478
0.0478
0.0
0.0446
0.0584
0.002
0.208
0.2822
0.5356
0.1134
0.1134
0.2964
0.3922
0.3938
0.266
0.2158
0.1612
0.1362
0.1258
0.0
0.0
0.0198
0.0568
0.1282
0.1282
0.1084
0.1084
0.0
0.0
0.0
0.0
0.0474
0.0
0.0
0.3098
0.3598
0.36
0.31
0.3556
0.3622
0.4368
0.3104
0.3604
0.3606
0.3106
0.472
0.3224
0.2786
0.4272
0.5104
0.5212
0.5134
0.624
0.497
0.3416
0.2496
0.3402
0.044
0.0346
0.0
0.0
0.0
0.0568
0.0568
0.075
0.1136
0.345
0.345
0.1816
0.1814
0.1966
0.1966
0.1826
0.1824
0.0956
0.0956
0.2376
0.1966
0.1814
0.1812
0.1958
0.1958
0.1818
0.1816
0.1958
0.1958
0.1818
0.1816
0.1958
0.1958
0.1814
0.1812
0.1966
0.1966
0.1826
0.1824
0.0972
0.0972
0.0972
0.0
0.0
0.0
0.2424
0.2144
0.2858
0.1736
0.0774
0.6108
0.7832
0.0
0.0
0.2938
0.0
0.1758
0.2004
0.6386
0.3896
0.3402
0.955
0.5308
0.4272
0.3552
0.3206
0.6118
0.28
0.6018
0.4382
0.3042
0.228
0.6934
0.3508
0.6148
0.5958
0.7254
0.6464
0.5666
0.6784
0.6954
0.7016
0.5726
0.3492
0.6276
0.1396
0.1742
0.1272
0.083
0.8336
0.5604
0.5878
0.4826
0.4784
0.2572
0.3492
0.364
0.5
0.7342
0.775
0.4832
0.055
0.68
0.5602
0.4952
0.2434
0.5138
0.5454
0.5688
0.66
0.5092
0.5924
0.3244
0.069
0.0
0.351
0.3488
0.0
0.0
0.5494
0.7216
0.4402
0.7308
0.7766
0.2414
0.3734
0.3734
0.3688
0.448
0.8122
0.7372
0.4302
0.2698
0.608
0.4318
0.6422
0.0506
0.576
0.5176
0.5004
0.4182
0.103
0.3138
0.3572
0.3538
0.089
0.3928
0.0
0.0
0.0262
0.0262
0.0262
0.0262
0.0596
0.0254
0.1088
0.0766
0.0188
0.0188
0.0188
0.0188
0.0188
0.0
0.0
0.0
0.0
0.0
0.0
0.0
0.0
0.0
0.0
0.0
0.0
0.0
0.0
0.0
0.0
0.0
0.0
0.0
0.0
0.0
0.0
0.0314
0.0404
0.0404
0.0592
0.0592
0.0592
0.0592
0.3042
0.3042
0.0758
0.0276
0.0276
0.0
0.0238
0.0238
0.0772
0.0122
0.0122
0.0678
0.0678
0.0678
0.0678
0.0
0.0
0.0
0.0
0.0
0.0
0.0618
0.0
0.0
0.0
0.0
0.0
0.0
0.0
0.0078
0.0078
0.0
0.1614
0.145
0.0572
0.0
0.0
0.022
0.0
0.0
0.0
0.0
0.3326
0.3326
0.3326
0.3712
0.3712
0.3342
0.476
0.4282
0.181
0.4664
0.5462
0.5068
0.697
0.5532
0.4578
0.3694
0.5
0.37
0.2546
0.2802
0.4618
0.4758
0.2466
0.6022
0.609
0.701
0.261
0.2638
0.2638
0.161
0.1038
0.512
0.4172
0.2754
0.5264
0.218
0.3318
0.2154
0.2688
0.2628
0.3186
0.2678
0.1558
0.0828
0.0
0.0
0.041
0.041
0.041
0.041
0.041
0.024
0.2436
0.0
0.0
0.0
0.0
0.0
0.0
0.0
0.0
0.1922
0.2404
0.3512
0.0
0.0
0.0
0.0
0.047
0.047
0.101
0.2314
0.2038
0.0676
0.0
0.0
0.0
0.0
0.0
0.0
0.0
0.0
0.0
0.0
0.0
0.1152
0.2664
0.2952
0.303
0.0628
0.0924
0.1568
0.0
0.0
0.0
0.0
0.0
0.0
0.0
0.1164
0.0
0.0
0.143
0.1866
0.2328
0.2328
0.1958
0.1958
0.04
0.04
0.0656
0.078
0.0494
0.0494
0.0416
0.038
0.038
0.038
0.028
0.0462
0.0324
0.1046
0.0
0.0416
0.206
0.1412
0.1678
0.0122
0.0602
0.0298
0.0266
0.0266
0.0266
0.0
0.0
0.0
0.0
0.0
0.0
0.0
0.0
0.0
0.0
0.0
0.0
0.0
0.0
0.0
0.0
0.0
0.0482
0.0
0.0
0.0
0.0
0.0
0.0
0.0
0.0
0.0
0.0
0.0346
0.0794
0.0
0.0
0.0
0.0
0.0
0.0
0.0
0.0
0.0
0.0376
0.0376
0.0376
0.0376
0.0376
0.0376
0.0376
0.0376
0.0376
0.0376
0.0376
0.0376
0.0
0.0
0.3762
0.6762
0.3766
0.4502
0.4888
0.5556
0.595
0.4766
0.5282
0.4872
0.2634
0.6674
0.688
0.395
0.7568
0.7824
0.4856
0.488
0.4758
0.3766
0.2354
0.2354
0.2326
0.1678
0.2022
0.6016
0.5498
0.6746
0.533
0.1324
0.1432
0.1432
0.7322
0.1888
0.0332
0.0332
0.3776
0.4616
0.2692
0.2598
0.2404
0.2404
0.431
0.5702
0.3694
0.2544
0.2472
0.069
0.0692
0.128
0.2146
0.521
0.4436
0.3294
0.0706
0.0706
0.2222
0.3092
0.1214
0.3164
0.2674
0.3194
0.3422
0.0
0.0
0.0
0.0
0.0
0.0
0.0698
0.0698
0.1452
0.2476
0.2842
0.3434
0.1656
0.1656
0.1656
0.161
0.1258
0.0698
0.124
0.2368
0.314
0.35
0.1898
0.1898
0.175
0.2422
0.3272
0.0314
0.0344
0.0344
0.1134
0.1178
0.1688
0.1062
0.1062
0.1062
0.024
0.0
0.068
0.068
0.0398
0.1612
0.071
0.0562
0.028
0.0
0.0
0.0602
0.0602
0.0602
0.0128
0.0602
0.0602
0.0
0.0936
0.0936
0.0936
0.0944
0.0944
0.0
0.0562
0.0562
0.1124
0.0562
0.1124
0.0562
0.1124
0.0562
0.1016
0.0832
0.0
0.0
0.0234
0.0234
0.0
0.0
0.0
0.1086
0.0
0.0418
0.1706
0.1584
0.1584
0.0
0.0
0.0
0.0
0.0
0.0104
0.5
0.3642
0.7428
0.5722
0.2684
0.3272
0.3292
0.4174
0.4592
0.4612
0.4122
0.3508
0.2272
0.5892
0.838
0.8224
0.589
0.4232
0.607
0.4926
0.3212
0.6294
0.6978
0.6332
0.6334
0.419
0.5484
0.623
0.4612
0.497
0.4822
0.7188
0.7028
0.4662
0.6002
0.6784
0.6814
0.8048
0.6766
0.4856
0.5388
0.5512
0.3678
0.4822
0.5256
0.3138
0.4604
0.0
0.6728
0.4006
0.6032
0.7316
0.4792
0.3138
0.3222
0.3926
0.2918
0.2172
0.6078
0.3682
0.3116
0.3596
0.3038
0.296
0.4358
0.091
0.1164
0.9456
0.1974
0.1954
0.2238
0.4184
0.4184
0.2602
0.3786
0.136
0.2164
0.253
0.234
0.2056
0.2056
0.2056
0.1284
0.1744
0.1978
0.2048
0.1962
0.1626
0.1096
0.1096
0.0
0.0
0.0306
0.2266
0.4722
0.4268
0.3378
0.2128
0.0
0.036
0.0592
0.0
0.0
0.0
0.0
0.0
0.0
0.0
0.0
0.0
0.0
0.0
0.0
0.0
0.0
0.0
0.0
0.0
0.0
0.0
0.0
0.0
0.0
0.0
0.0
0.0
0.0
0.2754
0.3176
0.029
0.0336
0.0318
0.198
0.336
0.3892
0.4246
0.311
0.15
0.1594
0.3802
0.3802
0.261
0.261
0.3316
0.3088
0.058
0.0
0.0
0.0
0.4568
0.3154
0.0706
0.0
0.013
0.104
0.1862
0.2684
0.3594
0.4416
0.4186
0.457
0.0
0.0
0.0
0.0
0.0
0.034
0.0
0.0
0.0
0.0
0.0
0.0
0.072
0.0
0.0
0.0
0.0
0.0
0.1426
0.1218
0.1064
0.0
0.0
0.0
0.0
0.0
0.0
0.3346
0.1646
0.0
0.0
0.0
0.0
0.0
0.343
0.3866
0.4052
0.2972
0.6006
0.5148
0.5168
0.5502
0.485
0.1968
0.1758
0.0
0.0
0.0
0.0
0.0
0.0
0.0
0.0216
0.1392
0.0
0.0
0.0
0.0732
0.0
0.2878
0.2878
0.0486
0.0
0.0212
0.0
0.0
0.0082
0.0
0.0246
0.0246
0.0126
0.1408
0.1408
0.0826
0.0
0.0
0.0
0.0
0.0
0.0
0.0
0.014
0.4394
0.3408
0.0
0.0
0.0
0.016
0.051
0.072
0.072
0.0882
0.0962
0.1544
0.1432
0.0718
0.0708
0.0
0.1454
0.1454
0.0
0.086
0.086
0.062
0.0166
0.1468
0.0352
0.0352
0.0352
0.072
0.0894
0.0
0.0
0.0
0.0432
0.013
0.013
0.1672
0.1132
0.1132
0.0706
0.0104
0.062
0.2116
0.3068
0.178
0.0
0.017
0.0
0.0
0.076
0.134
0.2074
0.2074
0.1662
0.0788
0.0
0.0752
0.0752
0.0752
0.0752
0.0752
0.0548
0.0548
0.0548
0.094
0.6496
0.569
0.5414
0.6368
0.6624
0.3296
0.5044
0.5568
0.363
0.5704
0.649
0.6804
0.6582
0.6252
0.0
0.0662
0.5082
0.5178
0.3874
0.5098
0.5736
0.6082
0.5596
0.6278
0.6046
0.3434
0.4644
0.5868
0.2534
0.2354
0.2252
0.4334
0.3894
0.3476
0.2428
0.3184
0.0338
0.4196
0.3392
0.2082
0.1972
0.1972
0.5112
0.483
0.4072
0.5206
0.701
0.649
0.3676
0.0
0.0
0.0
0.6768
0.7872
0.16
0.0434
0.1068
0.508
0.6084
0.5684
0.687
0.6814
0.1428
0.2602
0.5508
0.5166
0.4748
0.0684
0.0684
0.0284
0.0706
0.0912
0.0912
0.0912
0.0912
0.099
0.0796
0.0
0.0
0.0
0.0824
0.0824
0.0824
0.1072
0.1396
0.163
0.163
0.163
0.3702
0.3332
0.0
0.0
0.1416
0.1082
0.0246
0.0246
0.0246
0.0246
0.0246
0.3068
0.0
0.0
0.0
0.0
0.0
0.0474
0.1622
0.1622
0.155
0.1464
0.0234
0.0234
0.0518
0.0518
0.0
0.1854
0.137
0.0086
0.0086
0.0
0.0
0.0
0.0
0.0
0.0
0.0
0.0
0.048
0.0856
0.0
0.0112
0.0112
0.0112
0.0916
0.0
0.0
0.0
0.0
0.0828
0.0828
0.0828
0.0828
0.0126
0.0126
0.0
0.0
0.0
0.0
0.0
0.0
0.0
0.0
0.0
0.0
0.0
0.0
0.0
0.0
0.0
0.0
0.0
0.0
0.0
0.0
0.0
0.0
0.0
0.0
0.0
0.0
0.0
0.0304
0.0304
0.0166
0.0166
0.0
0.0
0.249
0.386
0.7942
0.4688
0.387
0.4722
0.716
0.5996
0.3244
0.143
0.1112
0.4222
0.44
0.1034
0.3778
0.0208
0.643
0.0498
0.0498
0.0
0.0
0.0104
0.0104
0.0104
0.0618
0.0336
0.0
0.0
0.0
0.0
0.0
0.0
0.1194
0.0712
0.0712
0.1566
0.0
0.0
0.0074
0.0314
0.0922
0.1048
0.0
0.0262
0.0
0.0
0.0386
0.0
0.0578
0.0676
0.0676
0.0
0.0796
0.4034
0.453
0.2512
0.3784
0.0
0.0
0.1104
0.1104
0.1176
0.1176
0.0752
0.1156
0.0942
0.1332
0.0
0.0
0.0
0.0
0.0114
0.0
0.0
0.0142
0.0166
0.0538
0.0
0.0
0.0
0.0
0.0
0.0
0.0
0.0
0.0
0.0
0.0
0.0
0.0
0.1534
0.1534
0.1534
0.4746
0.4746
0.286
0.3424
0.1886
0.3654
0.4172
0.3142
0.3142
0.1428
0.2746
0.2324
0.1978
0.1928
0.4128
0.656
0.59
0.3876
0.3326
0.3098
0.2972
0.2156
0.1638
0.1936
0.213
0.213
0.2012
0.2032
0.5014
0.186
0.014
0.014
0.014
0.014
0.014
0.2554
0.4736
0.1358
0.0936
0.0908
0.0562
0.0188
0.0722
0.2812
0.4736
0.1358
0.0936
0.0906
0.014
0.014
0.272
0.627
0.169
0.169
0.1618
0.1618
0.272
0.4828
0.2454
0.3888
0.542
0.6178
0.038
0.1474
0.8688
0.68
0.552
0.421
0.0908
0.0022
0.3626
0.3294
0.2998
0.2154
0.2632
0.3406
0.2546
0.2546
0.2546
0.3008
0.2926
0.3134
0.3034
0.2584
0.191
0.1328
0.1122
0.1
0.0
0.0
0.0
0.0
0.0
0.0634
0.1176
0.0228
0.0228
0.0192
0.0228
0.0456
0.0456
0.0228
0.0228
0.0192
0.0228
0.0228
0.0228
0.0186
0.0708
0.0596
0.0
0.0
0.0
0.0
0.0
0.0
0.0
0.0
0.0
0.0
0.0
0.0
0.0
0.0
0.0
0.0
0.0
0.0
0.0
0.0
0.0
0.0
0.5
0.0
0.5402
0.0752
0.0752
0.0752
0.0752
0.0388
0.0388
0.0388
0.0388
0.0596
0.1086
0.1086
0.2
0.2122
0.2122
0.1036
0.1036
0.1088
0.0
0.0
0.3692
0.1936
0.0964
0.0266
0.0266
0.0
0.0
0.1106
0.1106
0.7008
0.8146
0.5606
0.4786
0.498
0.0
0.0692
0.0
0.0
0.0178
0.075
0.2896
0.587
0.2974
0.2746
0.316
0.3512
0.2468
0.232
0.067
0.067
0.067
0.1114
0.1114
0.106
0.106
0.106
0.078
0.0116
0.0
0.0
0.0732
0.0
0.0
0.0
0.016
0.016
0.016
0.016
0.016
0.016
0.0
0.0
0.0
0.0
0.0
0.0
0.0
0.0
0.0
0.0
0.0
0.0
0.4244
0.1494
0.1494
0.1494
0.1096
0.0174
0.0174
0.0896
0.0896
0.2524
0.252
0.2956
0.2438
0.3024
0.3024
0.2034
0.0802
0.11
0.1916
0.3696
0.32
0.2874
0.3362
0.2818
0.0
0.1896
0.1298
0.1298
0.3036
0.0
0.0
0.03
0.32
0.289
0.1782
0.4144
0.3786
0.3786
0.2482
0.0
0.0
0.0
0.0
0.0
0.0
0.0
0.1612
0.126
0.0282
0.0
0.0
0.0
0.0352
0.0352
0.092
0.2378
0.2534
0.2938
0.4954
0.5394
0.0
0.0496
0.0
0.1918
0.2126
0.0334
0.5608
0.0
0.0
0.0
0.0
0.0
0.0
0.0
0.0
0.0546
0.0546
0.0296
0.0296
0.0
0.0
0.1598
0.1598
0.24
0.2822
0.3108
0.228
0.2526
0.1968
0.1968
0.1968
0.386
0.3078
0.2908
0.1836
0.142
0.1808
0.1808
0.1808
0.2736
0.2068
0.0154
0.0154
0.58
0.6086
0.145
0.148
0.149
0.189
0.259
0.194
0.1306
0.1972
0.1692
0.2398
0.0802
0.4198
0.3416
0.1868
0.226
0.2094
0.2094
0.2094
0.0
0.0
0.3936
0.2516
0.2662
0.4378
0.3398
0.3078
0.2612
0.2386
0.093
0.4968
0.478
0.0
0.0
0.0
0.0
0.0
0.0
0.0
0.0172
0.104
0.3256
0.3198
0.3394
0.5686
0.3298
0.0
0.0
0.0
0.0
0.0
0.0
0.6286
0.2966
0.2966
0.292
0.244
0.244
0.2672
0.0912
0.0912
0.0912
0.0
0.0
0.0438
0.2266
0.2266
0.2592
0.4348
0.1774
0.1774
0.1616
0.0732
0.0514
0.0
0.0
0.0
0.097
0.0008
0.1044
0.1044
0.1044
0.1044
0.1044
0.0
0.104
0.104
0.104
0.104
0.104
0.104
0.0
0.0
0.0
0.1048
0.1048
0.1048
0.1048
0.1048
0.1048
0.0684
0.0684
0.0684
0.0
0.0
0.0
0.0
0.0
0.0
0.0
0.0
0.0
0.0
0.0
0.0
0.3224
0.276
0.3498
0.1374
0.1934
0.289
0.289
0.1282
0.0306
0.4382
0.3336
0.3338
0.3538
0.3684
0.0208
0.0208
0.0
0.143
0.3314
0.4086
0.207
0.2534
0.2534
0.2892
0.2988
0.8968
0.0
0.0
0.6492
0.8198
0.526
0.7358
0.6426
0.084
0.3728
0.5404
0.5016
0.6808
0.5874
0.615
0.534
0.4662
0.5924
0.4066
0.4382
0.4574
0.473
0.449
0.449
0.449
0.4374
0.5702
0.6878
0.5898
0.6256
0.5484
0.5508
0.1146
0.6798
0.5956
0.6772
0.4356
0.2674
0.2148
0.4922
0.4922
0.1988
0.0
0.0
0.0
0.009
0.009
0.0868
0.0868
0.0336
0.0336
0.3674
0.0
0.0
0.0
0.0
0.0
0.0
0.097
0.0794
0.0144
0.0634
0.1112
0.1112
0.1112
0.0
0.0
0.0
0.0
0.0
0.0
0.0
0.6262
0.3882
0.438
0.587
0.7878
0.8108
0.6352
0.6226
0.2168
0.3744
0.5
0.632
0.6706
0.0
0.842
0.8132
0.5208
0.2546
0.213
0.2044
0.7248
0.6246
0.5556
0.4538
0.446
0.6804
0.5784
0.5116
0.387
0.4792
0.3782
0.4952
0.6776
0.272
0.2336
0.8884
0.6596
0.8126
0.4136
0.325
0.3338
0.4798
0.5288
0.3166
0.5274
0.5326
0.534
0.511
0.3036
0.7492
0.7142
0.4884
0.6596
0.6844
0.7812
0.6688
0.8046
0.8232
0.6728
0.529
0.482
0.4746
0.304
0.2312
0.5528
0.4276
0.3858
0.9016
0.4746
0.4532
0.9054
0.9054
0.888
0.4658
0.3148
0.316
0.2038
0.6764
0.7082
0.4826
0.4824
0.668
0.7294
0.418
0.3784
0.2252
0.2586
0.4192
0.5498
0.739
0.5512
0.5692
0.2924
0.4282
0.6184
0.5558
0.464
0.665
0.6126
0.702
0.6598
0.8896
0.5502
0.5416
0.4548
0.805
0.7842
0.4722
0.6312
0.865
0.648
0.2918
0.2918
0.2436
0.3832
0.5692
0.6356
0.6508
0.0
0.1088
0.4054
0.3134
0.3676
0.0
0.0
0.3416
0.5
0.3662
0.4516
0.1416
0.8794
0.4122
0.3386
0.541
0.4422
0.1736
0.6228
0.5842
0.5346
0.4744
0.5204
0.5804
0.419
0.0
0.0
0.3968
0.528
0.3306
0.3656
0.3166
0.3026
0.3526
0.4854
0.7496
0.4606
0.0978
0.3836
0.2398
0.2762
0.3218
0.2326
0.2752
0.715
0.6286
0.3564
0.41
0.5288
0.279
0.2694
0.2846
0.3256
0.3368
0.3232
0.3092
0.2848
0.3248
0.8764
0.6236
0.3814
0.3964
0.4064
0.4186
0.5376
0.5778
0.4328
0.2782
0.2782
0.624
0.2568
0.239
0.398
0.4742
0.3766
0.3902
0.2626
0.6764
0.4028
0.4072
0.6148
0.4714
0.6996
0.6794
0.7116
0.4314
0.4768
0.524
0.0746
0.098
0.0
0.0
0.0
0.0
0.0
0.0358
0.0358
0.0358
0.0358
0.0558
0.239
0.8436
0.7948
0.0964
0.713
0.4984
0.4094
0.616
0.7178
0.1016
0.294
0.318
0.2866
0.2436
0.4384
0.5278
0.4194
0.6792
0.2604
0.336
0.7008
0.7368
0.7624
0.747
0.6754
0.2636
0.2312
0.2496
0.2702
0.2182
0.358
0.4024
0.4024
0.5032
0.6404
0.2552
0.2408
0.292
0.5194
0.2744
0.6368
0.6524
0.6972
0.282
0.2536
0.6482
0.6726
0.6914
0.5844
0.861
0.6772
0.297
0.0
0.3334
0.6476
0.5446
0.239
0.3312
0.1366
0.0666
0.1282
0.0356
0.4378
0.5534
0.5534
0.0638
0.5116
0.194
0.1082
0.0812
0.0812
0.09
0.5652
0.4182
0.4622
0.3106
0.4546
0.0
0.0
0.0952
0.0952
0.0952
0.0952
0.0952
0.0664
0.0664
0.0664
0.0664
0.0664
0.0664
0.0664
0.0664
0.0664
0.0664
0.0664
0.0664
0.0664
0.0664
0.0664
0.0664
0.0664
0.0664
0.3232
0.4422
0.4628
0.2282
0.171
0.1444
0.229
0.6522
0.558
0.1262
0.4478
0.3104
0.394
0.3378
0.2874
0.2256
0.6694
0.3404
0.1432
0.2082
0.438
0.2494
0.4638
0.2642
0.3888
0.3842
0.4904
0.5956
0.5366
0.58
0.3038
0.5772
0.4892
0.4662
0.1448
0.713
0.401
0.4816
0.1696
0.139
0.102
0.36
0.5304
0.538
0.6398
0.4882
0.691
0.1272
0.6964
0.7124
0.6718
0.4248
0.4678
0.349
0.3924
0.2926
0.7154
0.34
0.6088
0.6338
0.4342
0.2844
0.3786
0.4742
0.1992
0.4852
0.5236
0.4904
0.2798
0.4158
0.5792
0.6138
0.59
0.445
0.518
0.5628
0.668
0.4962
0.4966
0.3518
0.4846
0.2726
0.4132
0.7128
0.673
0.135
0.0988
0.4854
0.4392
0.5054
0.3798
0.5406
0.4382
0.6534
0.5632
0.5528
0.7878
0.6736
0.6396
0.817
0.575
0.3592
0.3126
0.3516
0.6824
0.6628
0.7992
0.7772
0.6594
0.2064
0.5636
0.1198
0.0
0.3964
0.6814
0.7898
0.7534
0.296
0.6802
0.6674
0.5798
0.4556
0.5594
0.5436
0.0948
0.4618
0.6136
0.5712
0.5082
0.2668
0.364
0.312
0.5404
0.674
0.8114
0.7858
0.2216
0.4784
0.4612
0.5726
0.2612
0.2542
0.1896
0.1896
0.3568
0.506
0.3214
0.7192
0.0636
0.5944
0.7134
0.5174
0.427
0.2178
0.1158
0.3778
0.3016
0.3342
0.314
0.7102
0.6278
0.6892
0.6892
0.1728
0.6182
0.4354
0.911
0.8598
0.4854
0.2942
0.7492
0.5798
0.6096
0.636
0.6396
0.0274
0.0
0.3464
0.4038
0.0
0.0
0.2418
0.7506
0.436
0.555
0.5634
0.744
0.527
0.6866
0.7224
0.367
0.7296
0.751
0.4296
0.7924
0.7764
0.4528
0.3302
0.2874
0.6764
0.2304
0.1352
0.39
0.39
0.344
0.077
0.5418
0.5706
0.4662
0.2668
0.1932
0.2322
0.6756
0.9932
0.2898
0.2458
0.7148
0.3362
0.2188
0.1734
0.1284
0.4204
0.9186
0.1184
0.9594
0.3622
0.4116
0.321
0.163
0.163
0.1256
0.0444
0.0368
0.0368
0.1488
0.1136
0.1124
0.5284
0.45
0.6134
0.4864
0.656
0.4882
0.2098
0.4152
0.4232
0.5538
0.5476
0.5192
0.4164
0.2696
0.902
0.5332
0.6466
0.5134
0.4348
0.3408
0.6996
0.554
0.6462
0.678
0.4602
0.449
0.585
0.306
0.3412
0.3212
0.4634
0.371
0.377
0.3752
0.3752
0.5778
0.8476
0.502
0.56
0.2596
0.0
0.0732
0.089
0.148
0.2326
0.2846
0.374
0.092
0.0732
0.0732
0.0732
0.0732
0.0732
0.0732
0.0732
0.33
0.2902
0.32
0.6186
0.6502
0.6186
0.6502
0.5526
0.5468
0.3632
0.389
0.385
0.4066
0.5222
0.6182
0.5888
0.589
0.589
0.6072
0.7162
0.7582
0.5914
0.5728
0.73
0.5742
0.0764
0.4456
0.679
0.6218
0.448
0.625
0.3226
0.3436
0.7218
0.6048
0.326
0.4902
0.4376
0.361
0.3628
0.3556
0.3784
0.7324
0.697
0.5296
0.6106
0.6516
0.5938
0.2736
0.4062
0.468
0.325
0.3742
0.5102
0.595
0.4374
0.7654
0.6974
0.4574
0.5586
0.5336
0.5236
0.4724
0.4442
0.6276
0.6078
0.6796
0.7154
0.5
0.4524
0.3792
0.0
0.7538
0.3838
0.601
0.6062
0.3446
0.3072
0.2674
0.7598
0.2974
0.7496
0.7388
0.6178
0.5758
0.5164
0.498
0.3454
0.3026
0.3152
0.361
0.2282
0.1896
0.5
0.6776
0.2916
0.3654
0.5718
0.4094
0.6154
0.6754
0.4156
0.4522
0.634
0.626
0.8938
0.3258
0.371
0.3088
0.662
0.5688
0.5838
0.6444
0.5248
0.3026
0.5038
0.1174
0.4926
0.305
0.2652
0.7376
0.499
0.2842
0.3056
0.3056
0.3382
0.3668
0.3668
0.186
0.1866
0.1866
0.1866
0.2058
0.136
0.1848
0.354
0.4092
0.0
0.3172
0.0
0.1026
0.0242
0.0274
0.0274
0.5562
0.5354
0.558
0.5372
0.58
0.5274
0.7568
0.1186
0.8872
0.8872
0.6788
0.8916
0.7912
0.4322
0.3372
0.7038
0.566
0.5854
0.6044
0.6082
0.5576
0.4978
0.3974
0.5708
0.6956
0.6288
0.5132
0.621
0.4468
0.2678
0.2706
0.2284
0.1528
0.1738
0.2178
0.2178
0.1976
0.1976
0.2744
0.2836
0.2728
0.3932
0.3388
0.3162
0.2356
0.1976
0.1846
0.1796
0.1668
0.0
0.0686
0.0586
0.0586
0.3188
0.2992
0.2558
0.1792
0.024
0.0
0.0
0.0
0.0
0.1094
0.1094
0.0
0.0
0.0
0.0064
0.0722
0.0
0.3524
0.3046
0.228
0.2124
0.0576
0.0576
0.0
0.0
0.0
0.0
0.0
0.4796
0.6928
0.5466
0.6404
0.6562
0.497
0.5764
0.419
0.5504
0.3642
0.544
0.4768
0.7148
0.6674
0.5124
0.5882
0.375
0.0172
0.0172
0.0172
0.0172
0.0172
0.0172
0.0172
0.0172
0.0172
0.0172
0.0
0.0
0.0
0.0
0.0
0.0
0.0
0.0
0.0172
0.0172
0.0172
0.0172
0.0172
0.0172
0.0172
0.0172
0.0
0.0
0.0
0.0
0.0
0.0
0.0
0.0
0.0
0.0
0.0
0.0
0.0
0.0
0.0
0.0
0.0
0.0
0.0
0.0
0.0172
0.0172
0.0172
0.0172
0.0172
0.0172
0.0172
0.0172
0.0172
0.0
0.0
0.0
0.0
0.0
0.0
0.0
0.0
0.0
0.0
0.0
0.0
0.0
0.0
0.0
0.0
0.0
0.0
0.0
0.0
0.0
0.0
0.0
0.0
0.0
0.433
0.343
0.1654
0.2096
0.3034
0.3368
0.3034
0.3366
0.3814
0.3964
0.4336
0.5772
0.2674
0.215
0.2676
0.215
0.4158
0.4744
0.5038
0.4098
0.8572
0.8122
0.5832
0.4616
0.465
0.3834
0.3686
0.699
0.3778
0.4292
0.5384
0.3134
0.3962
0.4742
0.7658
0.7856
0.655
0.5118
0.455
0.4682
0.553
0.7468
0.9166
0.3422
0.3826
0.6416
0.379
0.761
0.7764
0.5974
0.5334
0.3724
0.461
0.3902
0.511
0.5848
0.5556
0.1836
0.5252
0.5526
0.6494
0.4432
0.6494
0.6156
0.7176
0.3072
0.863
0.8934
0.4012
0.4864
0.6712
0.5118
0.2986
0.395
0.3124
0.219
0.3052
0.6638
0.7406
0.6672
0.502
0.4566
0.567
0.4456
0.8598
0.7336
0.4818
0.665
0.7676
0.7492
0.6224
0.665
0.5642
0.4864
0.3874
0.3876
0.5918
0.5144
0.3786
0.2836
0.1946
0.6212
0.4876
0.7676
0.3996
0.3638
0.5162
0.7884
0.5652
0.2708
0.3782
0.3696
0.5
0.2668
0.1852
0.611
0.3722
0.3878
0.5414
0.0076
0.3476
0.4028
0.7322
0.4528
0.5618
0.3178
0.6584
0.8134
0.6026
0.743
0.562
0.6926
0.745
0.6152
0.2442
0.2444
0.3622
0.4914
0.3968
0.7002
0.0262
0.8368
0.8368
0.607
0.5982
0.5856
0.521
0.1514
0.7508
0.3314
0.3752
0.6484
0.7872
0.7994
0.8552
0.7874
0.451
0.4574
0.4002
0.2024
0.31
0.587
0.2064
0.5126
0.4454
0.2986
0.2702
0.03
0.8162
0.4282
0.7212
0.3792
0.3156
0.0
0.5048
0.6784
0.3484
0.6288
0.4778
0.5082
0.1882
0.784
0.3688
0.2508
0.3598
0.4742
0.6762
0.323
0.3522
0.0066
0.6758
0.6076
0.5746
0.5578
0.1552
0.157
0.7464
0.313
0.617
0.1872
0.423
0.4436
0.4164
0.0548
0.0548
0.0958
0.2816
0.2816
0.2096
0.152
0.2926
0.2926
0.134
0.134
0.529
0.529
0.529
0.4778
0.298
0.3152
0.406
0.4108
0.422
0.4438
0.4782
0.4992
0.3212
0.2356
0.335
0.6456
0.4402
0.4106
0.4434
0.469
0.4414
0.3158
0.4674
0.4106
0.4766
0.3842
0.3566
0.2092
0.2362
0.2576
0.2238
0.2238
0.1028
0.1028
0.0
0.82
0.6122
0.3624
0.3614
0.287
0.2328
0.5184
0.5998
0.6708
0.5972
0.4252
0.4774
0.3864
0.18
0.1448
0.3824
0.4414
0.4414
0.1828
0.5232
0.2844
0.263
0.3468
0.3672
0.4554
0.2078
0.2928
0.3634
0.3634
0.0738
0.2744
0.0956
0.0878
0.0832
0.0832
0.0832
0.0832
0.4958
0.4984
0.37
0.3086
0.2966
0.3598
0.3598
0.052
0.052
0.052
0.074
0.201
0.201
0.3104
0.3104
0.2506
0.231
0.3728
0.3332
0.3986
0.3058
0.2648
0.231
0.2942
0.2582
0.2898
0.0578
0.6072
0.337
0.049
0.014
0.014
0.101
0.274
0.1548
0.1548
0.1946
0.1946
0.4262
0.4192
0.1358
0.0936
0.0906
0.0436
0.0436
0.1554
0.1914
0.074
0.1122
0.1136
0.1136
0.1136
0.0788
0.0
0.0
0.0
0.026
0.079
0.079
0.079
0.079
0.2194
0.1522
0.201
0.2384
0.2764
0.1146
0.0794
0.0898
0.0914
0.092
0.2336
0.2604
0.1474
0.1802
0.292
0.118
0.0224
0.0
0.2924
0.2924
0.3858
0.4722
0.371
0.4468
0.0
0.2138
0.174
0.1792
0.268
0.4298
0.1656
0.25
0.0096
0.0544
0.0544
0.0472
0.0482
0.3556
0.274
0.274
0.4492
0.4806
0.5202
0.4472
0.4014
0.0
0.0
0.0
0.0
0.0
0.0334
0.0
0.0
0.0
0.0
0.2334
0.2334
0.2334
0.1046
0.1046
0.1046
0.1046
0.1048
0.1048
0.1048
0.1048
0.1034
0.1034
0.1034
0.1034
0.0742
0.0742
0.0742
0.1196
0.1578
0.2552
0.2644
0.1762
0.3822
0.3822
0.206
0.2712
0.4052
0.0
0.0
0.2336
0.49
0.5102
0.5488
0.7488
0.8002
0.3508
0.6296
0.6766
0.7006
0.5174
0.7832
0.6422
0.1438
0.5206
0.641
0.6512
0.5924
0.2634
0.4146
0.637
0.5012
0.4304
0.1926
0.5808
0.5808
0.0
0.2738
0.7106
0.4772
0.2156
0.2584
0.141
0.005
0.5726
0.4452
0.6942
0.6618
0.6192
0.5434
0.318
0.713
0.4232
0.4372
0.6436
0.2364
0.2936
0.5974
0.3014
0.4904
0.035
0.5
0.424
0.5944
0.4688
0.2964
0.3442
0.6392
0.6864
0.0274
0.1846
0.1846
0.224
0.5628
0.8342
0.4594
0.6762
0.6544
0.5652
0.2682
0.534
0.5152
0.6222
0.3384
0.6814
0.2128
0.416
0.4074
0.5028
0.4602
0.731
0.346
0.6642
0.2352
0.1842
0.2784
0.6422
0.7704
0.7182
0.809
0.3522
0.3384
0.6488
0.6892
0.314
0.6698
0.0
0.3124
0.4914
0.7986
0.6674
0.6644
0.6538
0.1918
0.2366
0.5326
0.5394
0.5242
0.6994
0.6744
0.7228
0.6562
0.6066
0.7174
0.4272
0.4182
0.5188
0.648
0.513
0.239
0.4366
0.5766
0.4754
0.6088
0.4116
0.6494
0.4658
0.7658
0.7348
0.4702
0.652
0.5702
0.1998
0.1798
0.2016
0.0012
0.7718
0.7312
0.7312
0.7312
0.6032
0.611
0.5472
0.5474
0.5368
0.8534
0.8476
0.4702
0.3938
0.435
0.2732
0.5966
0.036
0.0
0.0306
0.0306
0.0306
0.0306
0.2838
0.1676
0.2256
0.2628
0.2268
0.0152
0.0
0.035
0.062
0.062
0.062
0.0
0.0
0.0
0.0
0.0148
0.0536
0.0536
0.0536
0.0536
0.0356
0.0356
0.1034
0.1992
0.1014
0.1856
0.3818
0.2834
0.178
0.2756
0.3702
0.2734
0.16
0.0
0.0394
0.0394
0.0766
0.0766
0.0376
0.0372
0.0372
0.0
0.0
0.0406
0.0112
0.0
0.0
0.0382
0.0962
0.0802
0.0156
0.101
0.0138
0.0138
0.0138
0.0292
0.0
0.0154
0.1818
0.1404
0.0422
0.0512
0.0584
0.0212
0.0498
0.0498
0.0658
0.0658
0.2164
0.3282
0.0876
0.0154
0.0862
0.0708
0.0708
0.0494
0.1206
0.0
0.0
0.0328
0.074
0.0
0.0514
0.0012
0.0
0.0
0.0
0.0
0.0
0.1128
0.2302
0.014
0.0788
0.2326
0.173
0.1388
0.0
0.0782
0.1962
0.176
0.154
0.1148
0.1066
0.0992
0.0522
0.1564
0.0744
0.0632
0.151
0.2102
0.1334
0.2858
0.2878
0.0202
0.0
0.0
0.0
0.145
0.0452
0.0452
0.0452
0.0248
0.0
0.0
0.0
0.0
0.0
0.0228
0.0
0.0
0.0
0.0
0.0
0.0
0.1046
0.0572
0.0378
0.0312
0.0138
0.1046
0.0802
0.0604
0.0204
0.0
0.0918
0.0724
0.2526
0.3052
0.093
0.055
0.0552
0.0348
0.0426
0.078
0.078
0.0
0.5888
0.6056
0.4672
0.0
0.1386
0.1478
0.1208
0.0806
0.1
0.0618
0.0132
0.0
0.0
0.0
0.02
0.142
0.0
0.0
0.0
0.0672
0.0
0.0
0.0
0.0
0.0136
0.326
0.0
0.5286
0.0
0.9666
0.6144
0.44
0.0472
0.1424
0.4984
0.7124
0.5754
0.0402
0.3102
0.2178
0.0326
0.0696
0.0696
0.2464
0.23
0.23
0.2286
0.1108
0.0716
0.0716
0.0716
0.0716
0.3816
0.4056
0.2794
0.0244
0.0456
0.0456
0.0256
0.0128
0.0
0.0
0.0164
0.0792
0.0652
0.1364
0.103
0.0298
0.0298
0.0298
0.0298
0.0298
0.013
0.2516
0.1172
0.1044
0.1036
0.0542
0.0542
0.1148
0.0606
0.0606
0.0
0.0
0.4614
0.1172
0.277
0.4492
0.3728
0.1822
0.179
0.2526
0.1878
0.2466
0.2542
0.2556
0.5436
0.0
0.0878
0.0464
0.0
0.4346
0.1748
0.1382
0.2314
0.249
0.0
0.0
0.0
0.0926
0.1054
0.1224
0.246
0.1524
0.1124
0.0378
0.0628
0.0628
0.0628
0.0622
0.0616
0.037
0.1032
0.1146
0.1848
0.1848
0.1848
0.1848
0.0518
0.0056
0.1226
0.1226
0.0772
0.0
0.051
0.051
0.051
0.013
0.009
0.009
0.1286
0.2002
0.2002
0.1588
0.1072
0.2302
0.4676
0.291
0.1472
0.0956
0.033
0.2978
0.2838
0.3592
0.246
0.233
0.0996
0.0672
0.2184
0.4076
0.2314
0.458
0.4578
0.274
0.2554
0.234
0.1124
0.0674
0.1796
0.1668
0.1608
0.1478
0.2244
0.3886
0.1298
0.0732
0.0732
0.0482
0.2762
0.0842
0.0842
0.0684
0.0684
0.0628
0.0954
0.3456
0.0
0.052
0.1186
0.1612
0.1004
0.0912
0.067
0.0
0.0
0.0
0.108
0.108
0.108
0.2064
0.0488
0.0834
0.0834
0.0834
0.0834
0.0
0.1356
0.036
0.0
0.0
0.0
0.0
0.0
0.0378
0.0378
0.0378
0.0
0.0186
0.1544
0.1758
0.2192
0.1544
0.1758
0.2192
0.324
0.4004
0.2166
0.2166
0.0
0.361
0.635
0.1168
0.0008
0.1286
0.1286
0.064
0.0
0.0436
0.2666
0.233
0.2904
0.0596
0.0596
0.0354
0.0
0.3248
0.064
0.0642
0.1158
0.0
0.0
0.0
0.0
0.0
0.0656
0.0656
0.2006
0.0974
0.0974
0.086
0.0458
0.0458
0.1424
0.0058
0.0058
0.0058
0.0058
0.0
0.11
0.1862
0.1876
0.2398
0.3412
0.307
0.2618
0.1568
0.1876
0.2398
0.34
0.3044
0.2824
0.1808
0.2062
0.2628
0.279
0.2338
0.2922
0.282
0.331
0.2938
0.2938
0.2864
0.1944
0.1402
0.0112
0.103
0.103
0.103
0.103
0.416
0.4514
0.4132
0.3872
0.3754
0.0208
0.1058
0.2626
0.2662
0.0196
0.0196
0.075
0.075
0.4648
0.3834
0.0496
0.0274
0.01
0.0142
0.0646
0.0504
0.0248
0.0248
0.0
0.026
0.026
0.026
0.071
0.071
0.071
0.0514
0.0316
0.039
0.0602
0.0602
0.039
0.245
0.0118
0.0096
0.0
0.0
0.0
0.0
0.0
0.0196
0.0196
0.0196
0.0196
0.0196
0.3664
0.0848
0.1146
0.4214
0.3156
0.2548
0.144
0.2594
0.1154
0.0
0.0236
0.0236
0.0236
0.0
0.0
0.0
0.0
0.0
0.0
0.0
0.0
0.0
0.0
0.0
0.0
0.0
0.0222
0.0222
0.0
0.0
0.0
0.124
0.3022
0.0936
0.0488
0.0488
0.0714
0.124
0.3218
0.0888
0.0522
0.0522
0.0742
0.124
0.2602
0.165
0.1072
0.042
0.0744
0.124
0.2602
0.0
0.0742
0.0742
0.0742
0.0774
0.0158
0.025
0.025
0.0302
0.0486
0.0
0.0
0.0
0.0
0.0
0.0
0.0
0.0
0.0866
0.1508
0.1508
0.0108
0.0
0.0
0.0136
0.0136
0.0
0.1056
0.1056
0.1056
0.0
0.0
0.0
0.0554
0.0554
0.0554
0.0904
0.0
0.0
0.0566
0.154
0.2666
0.0588
0.0634
0.0634
0.1194
0.1194
0.0146
0.041
0.041
0.041
0.041
0.041
0.0526
0.0526
0.0526
0.0
0.0
0.0322
0.0
0.0322
0.0322
0.0322
0.0322
0.0128
0.0
0.0142
0.0142
0.028
0.028
0.032
0.0
0.0
0.0
0.046
0.0944
0.0
0.0796
0.0994
0.0
0.0626
0.0
0.0
0.0
0.0
0.0
0.0
0.0
0.0
0.0474
0.0474
0.02
0.0
0.0
0.0
0.0
0.0
0.0
0.0788
0.1074
0.2332
0.0
0.0
0.024
0.0612
0.0612
0.3248
0.2564
0.1204
0.2562
0.4378
0.211
0.183
0.0
0.0
0.0
0.0052
0.0666
0.0666
0.0
0.0
0.0
0.418
0.3438
0.228
0.1734
0.0022
0.0
0.0
0.0
0.0
0.0
0.0628
0.0852
0.1858
0.1634
0.1634
0.0206
0.0102
0.0682
0.1512
0.0676
0.0676
0.0676
0.0676
0.1392
0.1768
0.155
0.155
0.2176
0.0256
0.0256
0.0396
0.247
0.2676
0.2764
0.2274
0.3852
0.2092
0.0766
0.0612
0.0
0.0
0.0
0.0
0.0
0.0
0.2548
0.2882
0.309
0.309
0.3178
0.345
0.345
0.1142
0.1164
0.1164
0.2076
0.0344
0.183
0.2032
0.2032
0.1938
0.1594
0.0742
0.0742
0.0742
0.0742
0.0
0.0094
0.0094
0.0
0.0
0.0318
0.0592
0.1372
0.1678
0.1786
0.1786
0.0086
0.0086
0.279
0.169
0.1042
0.1972
0.1972
0.1972
0.0
0.3232
0.344
0.3762
0.3762
0.0
0.052
0.052
0.2238
0.2686
0.3758
0.3856
0.4548
0.4384
0.388
0.3374
0.3252
0.2294
0.1972
0.1586
0.051
0.051
0.2422
0.1936
0.5546
0.5
0.389
0.3658
0.5334
0.4184
0.0802
0.4178
0.3298
0.5544
0.6614
0.4444
0.391
0.4692
0.3552
0.0804
0.5654
0.402
0.0514
0.0614
0.1726
0.5948
0.44
0.5178
0.6506
0.6278
0.1584
0.5972
0.461
0.6792
0.2672
0.6282
0.7266
0.8076
0.812
0.4114
0.2876
0.2888
0.3916
0.2906
0.1854
0.1894
0.4124
0.4594
0.4532
0.3796
0.489
0.7128
0.6776
0.5146
0.6288
0.2842
0.2644
0.5726
0.6384
0.3478
0.4672
0.3146
0.3112
0.3074
0.592
0.4806
0.4964
0.4534
0.5226
0.4962
0.2772
0.7596
0.4864
0.3686
0.898
0.39
0.1446
0.319
0.6082
0.603
0.4798
0.5762
0.449
0.4222
0.5
0.6262
0.3478
0.2776
0.469
0.6776
0.8084
0.8136
0.2994
0.398
0.2644
0.58
0.26
0.663
0.5
0.3642
0.3548
0.3936
0.5656
0.7624
0.5136
0.451
0.2974
0.1992
0.1474
0.9666
0.475
0.1076
0.2076
0.3266
0.3802
0.2872
0.3422
0.3698
0.354
0.6652
0.678
0.8328
0.514
0.8438
0.5174
0.5778
0.4252
0.1416
0.1904
0.6828
0.6918
0.5758
0.6832
0.6662
0.5596
0.8154
0.3892
0.65
0.7436
0.6608
0.4388
0.4164
0.3586
0.4064
0.3668
0.3638
0.7238
0.6838
0.7244
0.547
0.606
0.5362
0.3672
0.7506
0.3016
0.3136
0.6038
0.8478
0.5648
0.1962
0.0
0.0
0.6502
0.271
0.4198
0.0412
0.0
0.5356
0.259
0.5788
0.5278
0.673
0.0
0.0
0.0
0.6962
0.513
0.2364
0.0346
0.0776
0.4078
0.259
0.555
0.039
0.2036
0.3048
0.3478
0.3466
0.799
0.7102
0.3792
0.3492
0.3052
0.5768
0.3404
0.4704
0.021
0.0286
0.489
0.7234
0.706
0.7334
0.4916
0.8662
0.3886
0.377
0.4768
0.6878
0.5676
0.5534
0.6032
0.341
0.5878
0.4432
0.5196
0.6504
0.1948
0.4776
0.5478
0.2766
0.3048
0.3158
0.3158
0.1836
0.2718
0.2718
0.2874
0.1332
0.1178
0.0686
0.328
0.2768
0.0292
0.2532
0.2386
0.0938
0.0912
0.1732
0.0
0.0844
0.0206
0.0206
0.0
0.48
0.336
0.292
0.5348
0.6374
0.6292
0.6406
0.64
0.625
0.6154
0.6058
0.5784
0.202
0.5926
0.0
0.0
0.1866
0.1956
0.282
0.277
0.3068
0.2602
0.4778
0.2212
0.1588
0.229
0.0
0.0
0.0
0.2464
0.1794
0.3378
0.4556
0.4816
0.6004
0.774
0.7434
0.7996
0.0752
0.0752
0.0752
0.0752
0.0752
0.0752
0.0434
0.003
0.0
0.0
0.0
0.0
0.0
0.0
0.0
0.0
0.0
0.0314
0.0798
0.093
0.1414
0.1898
0.2382
0.2866
0.335
0.3936
0.4874
0.4152
0.3992
0.5822
0.2528
0.1008
0.0648
0.008
0.008
0.0
0.2554
0.6384
0.6628
0.0
0.0956
0.0816
0.0484
0.067
0.0
0.0494
0.0494
0.3154
0.3154
0.3076
0.2202
0.0
0.0
0.0128
0.1138
0.1138
0.3638
0.3172
0.501
0.5702
0.0326
0.2026
0.0
0.3284
0.4156
0.568
0.2452
0.1506
0.2656
0.3708
0.2796
0.2452
0.303
0.5258
0.5094
0.4922
0.5686
0.5824
0.5998
0.6126
0.2888
0.3214
0.6398
0.6586
0.6132
0.6172
0.5342
0.1428
0.555
0.1344
0.1344
0.5578
0.34
0.3164
0.1006
0.077
0.4774
0.4084
0.677
0.6898
0.1264
0.5354
0.481
0.233
0.2206
0.42
0.3772
0.6764
0.6818
0.5754
0.563
0.1038
0.2738
0.5136
0.4038
0.0
0.241
0.2602
0.0
0.0
0.7062
0.0638
0.1906
0.4634
0.6596
0.704
0.3866
0.2026
0.4078
0.0278
0.0644
0.3348
0.5324
0.4206
0.324
0.324
0.1964
0.5082
0.6378
0.9956
0.7566
0.3114
0.4002
0.4378
0.4306
0.6554
0.4054
0.7608
0.4046
0.4796
0.4638
0.3886
0.81
0.2476
0.3178
0.4298
0.4508
0.3968
0.5626
0.4798
0.3096
0.6628
0.6122
0.2638
0.8504
0.3912
0.702
0.4838
0.5636
0.626
0.8198
0.601
0.2242
0.0
0.0
0.516
0.5102
0.5144
0.1236
0.1594
0.1624
0.7144
0.5544
0.4402
0.428
0.6764
0.1476
0.514
0.6772
0.6854
0.7388
0.0492
0.8092
0.6022
0.3656
0.0
0.297
0.4476
0.6504
0.5796
0.423
0.613
0.613
0.1716
0.2862
0.2664
0.3224
0.321
0.4194
0.289
0.431
0.4114
0.3834
0.5016
0.0338
0.4934
0.4672
0.222
0.1758
0.5368
0.5506
0.6508
0.6424
0.3582
0.3706
0.4812
0.3364
0.3488
0.521
0.4702
0.6372
