0.0434
0.0756
0.0322
0.0694
0.089
0.0314
0.0848
0.0322
0.0322
0.0
0.0322
0.0322
0.0
0.0322
0.0
0.0
0.0
0.0
0.0
0.0
0.0314
0.0314
0.0332
0.0314
0.0332
0.0
0.0
0.0
0.0
0.1272
0.0958
0.0958
0.0
0.0
0.0332
0.0304
0.0
0.0
0.0
0.0
0.0238
0.4012
0.0
0.0
0.0
0.0392
0.1296
0.0912
0.0096
0.0476
0.2622
0.0626
0.0822
0.0852
0.025
0.025
0.0
0.0538
0.0994
0.031
0.0882
0.1524
0.61
0.0486
0.0
0.0708
0.0336
0.0
0.0
0.3996
0.4392
0.0206
0.0002
0.0896
0.0426
0.4168
0.0314
0.0454
0.0122
0.0122
0.1422
0.0956
0.0122
0.0122
0.0
0.105
0.0264
0.0956
0.242
0.242
0.0318
0.187
0.1812
0.2218
0.0556
0.0
0.149
0.1356
0.2446
0.2384
0.0
0.0
0.086
0.1184
0.0
0.0314
0.0314
0.2258
0.1134
0.0202
0.0
0.0314
0.0894
0.127
0.0146
0.2154
0.2154
0.0
0.09
0.0152
0.0
0.0
0.0172
0.1376
0.1376
0.057
0.0076
0.2778
0.022
0.0422
0.151
0.02
0.02
0.0
0.0224
0.0
0.3846
0.0224
0.012
0.0804
0.0
0.0
0.0
0.0676
0.0
0.0438
0.0584
0.0584
0.0564
0.0662
0.0378
0.0
0.0
0.0332
0.0376
0.0
0.0846
0.0314
0.0758
0.3548
0.4996
0.0
0.0
0.0314
0.1436
0.1436
0.148
0.0608
0.0
0.0
0.0
0.0
0.0376
0.0086
0.0
0.0
0.0
0.0
0.0
0.0
0.0
0.1154
0.1016
0.091
0.0
0.0
0.0
0.0068
0.0296
0.2646
0.0314
0.1816
0.2522
0.2466
0.1564
0.1098
0.1338
0.1338
0.3076
0.3076
0.3076
0.1004
0.1216
0.0
0.0
0.0
0.0
0.0262
0.0
0.0
0.052
0.1706
0.0
0.0
0.0
0.0
0.0
0.0
0.0
0.0
0.0
0.0
0.0
0.0
0.0
0.0
0.0
0.0
0.0
0.0
0.0
0.0
0.0
0.0
0.0
0.0
0.0
0.0
0.0
0.0
0.031
0.0674
0.3746
0.0028
0.0
0.0
0.0
0.0
0.0
0.0
0.0
0.0
0.0
0.0
0.0332
0.0332
0.0
0.0
0.0
0.0
0.0314
0.0314
0.0
0.0
0.0
0.0516
0.417
0.0354
0.005
0.0
0.079
0.0778
0.1158
0.1342
0.0378
0.0
0.0376
0.1934
0.109
0.109
0.2698
0.0378
0.0
0.0
0.0
0.0
0.0
0.0
0.0
0.0
0.0
0.0502
0.0
0.0
0.0
0.0
0.0
0.0
0.0
0.0
0.0
0.0
0.0
0.0
0.0
0.0
0.0
0.0
0.0
0.0
0.0
0.0
0.0376
0.0
0.0
0.0
0.0
0.0
0.0
0.0312
0.0312
0.0312
0.0
0.0
0.0
0.0
0.0
0.0
0.0
0.0
0.0
0.0
0.0
0.0
0.0
0.0
0.0
0.0
0.0
0.0
0.0
0.0
0.0
0.0
0.0
0.0
0.0
0.0
0.0
0.0
0.0
0.0
0.0
0.0
0.0
0.0
0.0
0.0
0.0
0.0
0.0
0.0
0.0
0.0
0.0
0.0
0.0
0.0
0.0
0.0
0.0
0.0
0.0
0.0
0.0
0.0
0.0
0.0
0.0
0.0
0.0
0.0
0.0
0.0
0.0
0.0
0.0
0.0
0.0
0.0
0.0
0.0
0.0
0.0
0.0
0.0
0.0
0.0
0.0
0.0
0.0
0.0
0.0
0.0
0.0
0.0
0.0
0.0
0.0
0.0
0.0
0.0
0.0
0.0
0.0
0.0
0.0
0.0
0.0
0.0
0.0
0.0
0.0
0.0
0.0
0.0
0.0
0.0
0.0
0.0
0.0
0.0
0.0
0.0
0.0
0.0
0.0
0.0
0.0
0.0
0.0
0.0
0.0
0.0
0.0
0.0
0.0
0.0
0.0
0.0
0.0
0.0
0.0
0.0
0.0
0.0
0.0
0.0
0.0
0.0
0.0
0.0
0.0
0.0
0.0
0.0
0.0
0.0
0.0
0.0
0.0
0.0
0.0
0.0
0.0
0.0
0.0
0.0
0.0
0.0
0.0
0.1044
0.0136
0.0136
0.0
0.0
0.0182
0.0182
0.0182
0.0182
0.0182
0.0182
0.0
0.0
0.0
0.0
0.0
0.0
0.0
0.0
0.0
0.0
0.0
0.0
0.0
0.0
0.0
0.0
0.0
0.0
0.0
0.0
0.0
0.0
0.0
0.0
0.0
0.0
0.0
0.0
0.0
0.0
0.0
0.0
0.0
0.0
0.0
0.0
0.0
0.0
0.0
0.0
0.0
0.0
0.0
0.0
0.0194
0.009
0.0
0.0
0.0
0.0
0.0
0.0
0.0
0.0
0.0
0.0
0.0
0.0
0.0
0.0
0.0
0.0
0.0
0.0
0.0
0.0
0.0
0.0
0.0
0.0
0.0
0.0
0.0
0.0
0.0
0.0
0.0
0.0
0.0
0.0
0.0
0.0
0.0
0.0
0.0
0.064
0.0526
0.2044
0.0314
0.0314
0.0314
0.0314
0.0
0.0
0.0
0.0
0.0
0.0
0.0
0.0
0.0
0.0
0.0
0.0
0.0
0.0
0.0
0.0
0.0
0.0
0.0
0.0
0.0
0.0
0.0
0.0
0.0
0.033
0.0656
0.066
0.0
0.0
0.0
0.0
0.2002
0.4114
0.3896
0.0114
0.0
0.0
0.0638
0.033
0.0
0.093
0.1786
0.0624
0.0
0.0
0.0
0.0
0.0
0.0182
0.0182
0.0182
0.0182
0.032
0.032
0.032
0.032
0.032
0.032
0.032
0.032
0.0
0.0
0.032
0.032
0.032
0.032
0.032
0.032
0.032
0.032
0.032
0.032
0.032
0.032
0.032
0.032
0.032
0.032
0.032
0.032
0.032
0.032
0.0
0.0
0.0
0.0
0.0
0.0
0.0318
0.0318
0.0176
0.0
0.0
0.0308
0.0
0.0
0.0
0.0
0.0
0.0
0.0
0.0
0.0488
0.071
0.2782
0.0
0.0314
0.0314
0.1006
0.3248
0.224
0.0812
0.2608
0.6432
0.018
0.0418
0.1778
0.5256
0.542
0.0
0.0296
0.0
0.0202
0.2534
0.265
0.4248
0.0314
0.0
0.0
0.0
0.0
0.0
0.3066
0.1096
0.0
0.1488
0.0814
0.0314
0.0
0.236
0.2158
0.0214
0.0776
0.0554
0.0078
0.3012
0.2896
0.0378
0.012
0.094
0.1892
0.0248
0.0248
0.0332
0.137
0.4354
0.021
0.021
0.1318
0.1318
0.0
0.0
0.0378
0.4242
0.756
0.1488
0.1488
0.2206
0.1048
0.1048
0.0798
0.21
0.0146
0.0076
0.0
0.4392
0.4074
0.0314
0.108
0.2514
0.2884
0.1314
0.0974
0.0334
0.0446
0.0
0.212
0.212
0.0
0.3118
0.0
0.0
0.0
0.0
0.0
0.0
0.0
0.0
0.0
0.0
0.0
0.0
0.0
0.0
0.0
0.0
0.0
0.0
0.0
0.0
0.0
0.0
0.0
0.0
0.0
0.0
0.0
0.0
0.0
0.0
0.0
0.0
0.0
0.0
0.0
0.0
0.0
0.0
0.0
0.0
0.0
0.0
0.0
0.0
0.0314
0.0314
0.0
0.0
0.0
0.0
0.0
0.0
0.0
0.0
0.0
0.0
0.0
0.0
0.0
0.0
0.0
0.0
0.0
0.0
0.0
0.0
0.0
0.0
0.0
0.0
0.0
0.0
0.0
0.0
0.0
0.0
0.0
0.0
0.0
0.0
0.0
0.0
0.0
0.0
0.0
0.0
0.0
0.0
0.0
0.0
0.0
0.0
0.0
0.0
0.0
0.0
0.135
0.2148
0.0576
0.3604
0.0628
0.0278
0.0578
0.2316
0.1402
0.1594
0.1364
0.1364
0.0
0.4052
0.013
0.0112
0.031
0.031
0.031
0.0
0.0
0.1508
0.032
0.0406
0.0444
0.1728
0.0406
0.0976
0.0
0.0
0.0
0.3078
0.1958
0.0
0.0
0.0
0.0
0.0
0.0
0.0
0.0
0.0
0.016
0.0
0.0
0.0
0.0
0.0
0.0
0.0
0.0
0.0
0.0
0.0
0.0
0.0
0.0
0.0
0.0
0.0
0.0
0.0
0.0
0.0
0.0
0.0
0.0
0.0
0.0
0.0
0.0
0.0
0.0
0.0
0.0
0.0
0.0
0.0
0.0
0.0
0.0
0.0
0.0
0.0
0.0
0.0
0.0
0.0
0.0
0.0
0.0
0.0
0.0
0.0
0.0
0.0
0.0
0.0
0.0
0.0
0.0
0.0
0.0
0.0
0.0
0.0
0.0
0.0
0.0
0.0
0.0
0.0
0.0
0.0
0.0
0.0
0.0
0.0
0.0
0.0
0.0
0.0
0.0
0.0
0.0
0.0
0.0
0.0
0.0
0.0
0.0
0.0
0.0
0.0
0.0
0.0
0.0
0.0
0.0
0.0
0.0
0.0
0.0
0.0
0.0
0.0
0.0
0.0
0.0
0.0
0.0
0.0
0.0
0.0
0.0
0.0
0.0
0.0
0.0
0.0
0.0
0.0
0.0
0.0
0.0
0.0
0.0
0.0
0.0
0.0
0.0
0.0
0.0
0.0
0.0
0.0
0.0
0.0378
0.0212
0.2972
0.3358
0.3416
0.4528
0.3184
0.0772
0.0
0.0312
0.0332
0.0
0.0314
0.3664
0.0
0.0
0.0
0.0
0.0
0.033
0.033
0.0
0.0
0.0
0.333
0.3006
0.3006
0.1786
0.0398
0.0398
0.0398
0.0314
0.0
0.0
0.0
0.0734
0.053
0.0314
0.0314
0.0314
0.0314
0.0
0.0814
0.0
0.0314
0.0314
0.0
0.0
0.0
0.0
0.033
0.0098
0.0312
0.0
0.0
0.0
0.0
0.0
0.0
0.0308
0.0308
0.0308
0.0
0.0
0.0
0.0
0.0
0.0
0.0
0.0
0.0
0.0
0.0
0.0
0.0
0.0
0.0
0.0
0.0
0.0
0.0
0.0
0.0
0.0
0.0
0.0
0.0
0.0574
0.0686
0.0
0.0
0.0
0.0
0.0
0.0
0.0
0.0
0.0
0.0
0.0
0.0
0.0
0.0
0.0
0.0
0.0
0.0
0.0
0.0
0.0
0.0
0.0
0.0
0.0
0.0
0.0
0.0
0.0
0.0
0.0
0.0
0.0
0.0
0.0
0.0
0.0
0.0
0.0
0.0
0.0
0.0
0.0
0.0
0.0
0.0
0.0
0.0
0.0
0.0
0.0268
0.0
0.0
0.1174
0.0332
0.0332
0.0
0.0
0.0
0.0
0.0
0.0
0.2828
0.1898
0.0378
0.4328
0.0464
0.0
0.0
0.0
0.0
0.0
0.0
0.0948
0.0556
0.1708
0.5944
0.3842
0.0628
0.1654
0.2408
0.1412
0.1914
0.3252
0.2828
0.4024
0.403
0.0894
0.4234
0.3632
0.0
0.0
0.0378
0.025
0.025
0.0378
0.0
0.0
0.0
0.0
0.317
0.4346
0.2654
0.2778
0.0
0.029
0.0412
0.0122
0.031
0.1378
0.0516
0.0314
0.0688
0.4318
0.0
0.0286
0.0
0.0378
0.0
0.1204
0.0332
0.2532
0.396
0.0314
0.0
0.0494
0.1068
0.1888
0.1426
0.0378
0.0
0.0
0.0634
0.0
0.0
0.112
0.017
0.0
0.0296
0.0296
0.0296
0.0296
0.0296
0.0296
0.0
0.0
0.0
0.0
0.0
0.0
0.0
0.0
0.0
0.0
0.0
0.0322
0.0322
0.0
0.0332
0.0332
0.0
0.0
0.0
0.0
0.0
0.0
0.0
0.0
0.0
0.0
0.0
0.0
0.0
0.0
0.0
0.0
0.0
0.0
0.0
0.0
0.0
0.0
0.0
0.0
0.0
0.0
0.0
0.0
0.0
0.0
0.0
0.0
0.0
0.0
0.0
0.0032
0.0244
0.0244
0.0332
0.0
0.0
0.0954
0.0364
0.0
0.0
0.0314
0.0314
0.0
0.0
0.0
0.0
0.0
0.0
0.0
0.0
0.0
0.0
0.0
0.0
0.0
0.0
0.0
0.0
0.0
0.0
0.0
0.0
0.0
0.0
0.0
0.0
0.0
0.0
0.0
0.0
0.0
0.0
0.0
0.0
0.0
0.0
0.1482
0.1274
0.112
0.0
0.0
0.0
0.0
0.0
0.0
0.041
0.0034
0.0
0.0
0.0
0.0
0.0
0.0126
0.0068
0.0068
0.1014
0.5588
0.0864
0.07
0.166
0.1112
0.034
0.034
0.0
0.0
0.0
0.0
0.0
0.0
0.0
0.0
0.0
0.0
0.0
0.0
0.0
0.0
0.0
0.0
0.0
0.0
0.0
0.0
0.0
0.0
0.0
0.0
0.0
0.0
0.0
0.0
0.0
0.0
0.0
0.0
0.0
0.0
0.0
0.0
0.0
0.04
0.04
0.0
0.0
0.0
0.0
0.0
0.0
0.0
0.0
0.0
0.0
0.0
0.0
0.0
0.0
0.0
0.0
0.0
0.0
0.0
0.0
0.0
0.0
0.0
0.0
0.0
0.0
0.0
0.0
0.0
0.0
0.0
0.0
0.0
0.0
0.0
0.0
0.0
0.0
0.0
0.0
0.0
0.0
0.0
0.0
0.0
0.0
0.0
0.0
0.0
0.0
0.0
0.0
0.0
0.0
0.0
0.0
0.0
0.0
0.0
0.0
0.0
0.0
0.0314
0.0586
0.0586
0.222
0.2476
0.1218
0.3288
0.3142
0.0
0.1894
0.1196
0.0
0.0
0.0
0.158
0.1002
0.0
0.0
0.0306
0.1278
0.1278
0.0752
0.0964
0.1732
0.1732
0.0132
0.0376
0.1096
0.0612
0.0726
0.1154
0.0586
0.0344
0.0444
0.0318
0.0
0.0
0.0
0.0
0.0
0.0
0.0
0.1416
0.0992
0.041
0.1278
0.173
0.2562
0.0
0.0908
0.0908
0.0822
0.4422
0.1646
0.0312
0.0
0.0
0.1082
0.0378
0.0378
0.0314
0.0202
0.0
0.0
0.0314
0.0314
0.0314
0.0
0.0
0.0
0.0
0.0
0.0
0.0
0.0
0.0
0.0
0.0
0.0
0.0
0.0
0.0
0.0
0.0216
0.032
0.032
0.032
0.032
0.0
0.0
0.0
0.0
0.0
0.0
0.0
0.0
0.0
0.0
0.0
0.0268
0.0
0.0
0.0
0.0
0.0
0.0
0.0
0.0
0.0
0.0
0.0
0.0
0.0
0.0
0.0
0.0
0.0
0.0
0.0
0.0
0.0
0.0
0.0
0.0
0.0
0.0
0.0
0.0
0.0
0.0
0.0
0.0
0.0
0.0
0.0
0.0
0.0
0.0
0.0
0.0
0.0
0.0
0.0
0.0
0.0
0.0
0.0
0.0
0.0
0.0
0.0
0.0
0.0
0.0
0.0
0.0
0.0
0.0
0.0
0.0
0.0
0.0
0.0
0.0
0.0
0.0
0.0
0.0
0.0
0.0
0.0
0.0
0.0
0.0
0.0
0.0
0.0
0.0
0.0032
0.0536
0.375
0.0144
0.0144
0.0
0.0
0.0
0.0
0.0
0.113
0.126
0.0
0.0
0.237
0.1478
0.0
0.0
0.0
0.0
0.0
0.0
0.0
0.0
0.0
0.0
0.0
0.0
0.0
0.0
0.0
0.0
0.0
0.0
0.0
0.0
0.0
0.0
0.0
0.0
0.0
0.0
0.0
0.0
0.0
0.0
0.0
0.0
0.0
0.0
0.0
0.0
0.0116
0.0118
0.0
0.0
0.0
0.0
0.0
0.0
0.0
0.0
0.0
0.0
0.0
0.0
0.0
0.0
0.0
0.0
0.0
0.0
0.0
0.0
0.0
0.0
0.0
0.0
0.0
0.0
0.0
0.0
0.0
0.0
0.0
0.0
0.0
0.0
0.0
0.0
0.0
0.0
0.0628
0.0628
0.2578
0.13
0.0418
0.0
0.0
0.0738
0.0738
0.0738
0.0738
0.0738
0.0734
0.0418
0.0178
0.0178
0.0178
0.0178
0.0
0.0
0.0
0.0314
0.0314
0.002
0.1794
0.1574
0.0
0.0
0.0332
0.0332
0.0
0.0
0.0
0.0
0.0
0.0
0.0
0.0
0.0
0.0
0.0
0.0
0.0
0.0
0.0
0.0
0.0
0.0
0.0
0.0
0.0
0.0
0.0
0.0
0.0
0.0
0.0
0.0
0.0
0.1382
0.1362
0.2256
0.0106
0.1884
0.162
0.0376
0.1974
0.1772
0.0696
0.0
0.0
0.0
0.0
0.0
0.0
0.0
0.0
0.0
0.0
0.0
0.0
0.0
0.041
0.041
0.041
0.041
0.041
0.0276
0.0
0.0
0.0
0.0
0.0
0.0
0.0
0.0
0.0
0.0
0.0
0.0
0.0
0.0
0.0
0.0
0.0
0.0
0.0
0.0
0.0
0.0
0.0
0.0
0.0
0.0
0.0
0.0
0.0
0.0
0.0
0.0
0.0
0.0
0.0
0.0
0.0
0.0
0.0
0.0
0.0
0.0
0.0
0.0
0.056
0.0
0.0314
0.0
0.0
0.0
0.0
0.0
0.0
0.0
0.0
0.0
0.0
0.0
0.0132
0.0132
0.0132
0.0132
0.0132
0.0132
0.0
0.0
0.1846
0.0
0.0
0.0
0.0
0.0
0.0
0.0
0.0
0.1468
0.2032
0.1198
0.4322
0.4516
0.0
0.0
0.0
0.0
0.0164
0.0736
0.2882
0.5918
0.3036
0.2118
0.25
0.25
0.1888
0.1568
0.0
0.0
0.0
0.0
0.0
0.0
0.0
0.0
0.0
0.0
0.0
0.0
0.0
0.0
0.0
0.0
0.0
0.0
0.0
0.0
0.0
0.0
0.0
0.0
0.0
0.0
0.0
0.0
0.0
0.0
0.0
0.0
0.0
0.0
0.1362
0.0
0.0
0.0
0.0
0.0
0.0
0.0
0.0
0.0
0.0
0.3282
0.3182
0.0184
0.0184
0.0184
0.0184
0.0184
0.0
0.0
0.0
0.0964
0.111
0.111
0.0
0.0
0.0
0.0
0.0
0.0
0.0
0.0
0.0
0.0
0.0
0.0314
0.0
0.0
0.0
0.0
0.0
0.0
0.0
0.0
0.0
0.0
0.0
0.0
0.0
0.0
0.0
0.0
0.0
0.0
0.0
0.0
0.0
0.0
0.0428
0.06
0.0
0.0
0.0
0.0
0.0
0.0
0.0622
0.0
0.0
0.0
0.0
0.0
0.0
0.0
0.0
0.0
0.029
0.029
0.029
0.0
0.0
0.0
0.0
0.0312
0.0312
0.0312
0.0312
0.012
0.0
0.0
0.0
0.0218
0.0218
0.0312
0.0312
0.0312
0.0
0.0
0.0
0.0
0.0
0.0
0.0
0.015
0.015
0.0
0.0
0.0
0.0
0.0
0.0
0.0
0.0
0.1054
0.2738
0.0
0.0082
0.0624
0.0624
0.0314
0.0314
0.0314
0.0314
0.0
0.0
0.0292
0.076
0.0864
0.0
0.0692
0.0692
0.0692
0.0692
0.0692
0.0314
0.0314
0.0
0.0
0.0
0.0
0.0
0.0
0.0
0.0
0.0
0.0
0.0416
0.0416
0.0416
0.0416
0.0
0.0
0.0
0.0
0.0
0.0
0.3812
0.0
0.0
0.0
0.0
0.0
0.0
0.0
0.0
0.0
0.0
0.0
0.0314
0.0314
0.0314
0.0314
0.0308
0.0308
0.0308
0.0308
0.0
0.0
0.0
0.0
0.0
0.0464
0.0
0.0
0.0
0.0
0.0
0.0
0.0
0.0
0.0
0.0
0.0
0.0
0.0
0.0
0.0
0.0
0.0
0.0
0.0
0.0
0.0
0.0
0.0
0.0
0.0
0.0
0.0
0.0
0.0
0.0
0.0
0.0
0.0
0.0
0.0
0.0
0.0
0.0
0.0
0.0
0.0
0.0098
0.0416
0.0416
0.0314
0.0
0.0314
0.0332
0.0332
0.0332
0.0332
0.0
0.0
0.0
0.0314
0.038
0.038
0.0
0.0
0.0
0.0
0.0
0.427
0.1784
0.1784
0.0376
0.0594
0.0
0.52
0.2426
0.0368
0.0368
0.0368
0.0688
0.1286
0.0374
0.0374
0.0
0.0
0.41
0.1306
0.1306
0.16
0.1442
0.0332
0.0332
0.0332
0.0332
0.0
0.0856
0.0378
0.0378
0.1236
0.1236
0.0376
0.0376
0.0584
0.0378
0.0
0.0014
0.0112
0.4544
0.4544
0.1898
0.0
0.0
0.0
0.0
0.0
0.0
0.0
0.0
0.0
0.0
0.0
0.0
0.0
0.0
0.0
0.0
0.0
0.0
0.0
0.0
0.0
0.0
0.0
0.0
0.0
0.0
0.0
0.0
0.0
0.0
0.0
0.1322
0.023
0.3488
0.0378
0.0378
0.213
0.213
0.1248
0.1456
0.2146
0.0
0.0918
0.0
0.0
0.0
0.1186
0.0206
0.0206
0.0206
0.557
0.6126
0.5484
0.0
0.0
0.0478
0.0
0.0252
0.167
0.0
0.0
0.1724
0.1346
0.0
0.0862
0.1856
0.1148
0.4588
0.0106
0.0098
0.0004
0.0704
0.4094
0.2932
0.1124
0.1262
0.1662
0.1736
0.0616
0.443
0.0376
0.0158
0.3176
0.0
0.0112
0.0
0.0
0.0
0.446
0.2278
0.067
0.0
0.031
0.031
0.0332
0.0572
0.0572
0.068
0.167
0.167
0.1634
0.1634
0.1632
0.0
0.206
0.2964
0.2942
0.3218
0.0626
0.0614
0.096
0.0148
0.0148
0.4832
0.0
0.0
0.0538
0.1276
0.0
0.0986
0.0
0.0
0.2004
0.0382
0.0382
0.1264
0.0
0.0378
0.0
0.162
0.1412
0.436
0.0
0.0
0.066
0.0
0.0
0.021
0.2762
0.0586
0.1936
0.033
0.0376
0.0376
0.0484
0.1516
0.1068
0.0
0.1816
0.1672
0.061
0.0
0.0
0.0
0.0
0.0
0.0226
0.0
0.1464
0.1716
0.3588
0.021
0.021
0.066
0.394
0.1094
0.0314
0.0314
0.0314
0.0
0.0
0.0
0.0
0.393
0.505
0.0952
0.0314
0.0218
0.0
0.0
0.0
0.0
0.0314
0.1486
0.0
0.054
0.0
0.033
0.0
0.0244
0.0956
0.0
0.2638
0.2344
0.1718
0.1718
0.2158
0.1214
0.1214
0.1214
0.0848
0.0
0.0
0.0
0.0
0.0
0.0378
0.0728
0.372
0.0156
0.0314
0.0574
0.2134
0.0378
0.1442
0.1248
0.1248
0.0
0.0
0.0366
0.2448
0.0476
0.0918
0.0
0.0
0.0692
0.1096
0.2022
0.4354
0.0
0.0898
0.0526
0.0222
0.2016
0.0428
0.0112
0.0
0.0
0.0
0.0
0.0
0.0
0.0
0.0
0.0
0.0
0.0
0.0
0.0628
0.1668
0.2616
0.0
0.1694
0.1278
0.0914
0.0
0.0428
0.039
0.0314
0.0492
0.0492
0.0178
0.0178
0.071
0.0
0.008
0.0902
0.284
0.0388
0.0388
0.0458
0.0458
0.052
0.0
0.0434
0.0434
0.0434
0.0434
0.0434
0.0434
0.0626
0.0158
0.0964
0.0
0.0
0.0
0.0332
0.0332
0.1372
0.1006
0.4408
0.0
0.0
0.0378
0.1758
0.2072
0.282
0.122
0.0494
0.4966
0.089
0.0
0.031
0.0178
0.092
0.0
0.0
0.0
0.0158
0.0
0.3748
0.3908
0.4176
0.077
0.0626
0.0626
0.0626
0.0312
0.0312
0.0
0.4682
0.0662
0.091
0.0716
0.0524
0.0
0.0
0.0
0.0
0.0
0.0
0.0
0.0
0.0
0.0
0.0
0.0
0.0
0.0
0.0
0.0
0.0
0.0
0.0
0.0
0.0
0.0
0.0
0.0
0.0
0.3406
0.2858
0.305
0.0
0.0
0.0934
0.2464
0.0
0.0314
0.0478
0.0314
0.0314
0.1324
0.0836
0.111
0.0962
0.3252
0.2762
0.0
0.0
0.0
0.0076
0.0314
0.0
0.0
0.0
0.0466
0.2644
0.2424
0.3076
0.0078
0.1212
0.1752
0.2498
0.0
0.038
0.0314
0.0
0.346
0.452
0.486
0.0964
0.0444
0.0
0.2012
0.2696
0.4314
0.1862
0.0198
0.1048
0.1048
0.0
0.0822
0.2686
0.0112
0.239
0.126
0.3906
0.6614
0.6638
0.3076
0.0
0.1342
0.0
0.0112
0.1098
0.0186
0.0236
0.0206
0.0
0.1378
0.7608
0.139
0.0
0.0844
0.1106
0.1186
0.0284
0.0886
0.031
0.0312
0.079
0.0162
0.0
0.0
0.1482
0.1482
0.1008
0.0646
0.2984
0.0
0.0588
0.0412
0.4594
0.4258
0.0
0.1278
0.3038
0.213
0.0378
0.0696
0.0392
0.0318
0.0
0.0706
0.0756
0.1088
0.1088
0.0966
0.0
0.0376
0.0612
0.0612
0.0314
0.0564
0.009
0.0352
0.0
0.0378
0.1242
0.0378
0.0
0.0
0.0
0.265
0.0312
0.0314
0.0314
0.0
0.4134
0.2258
0.2258
0.0364
0.0
0.386
0.4116
0.229
0.0202
0.0
0.0288
0.0
0.0
0.0
0.0
0.0436
0.0436
0.095
0.0666
0.2078
0.6066
0.0088
0.0356
0.0212
0.1212
0.1212
0.0332
0.0
0.0
0.0
0.1072
0.261
0.2456
0.238
0.1214
0.465
0.206
0.4884
0.1
0.0
0.0314
0.0344
0.0616
0.0616
0.093
0.0794
0.1806
0.18
0.0
0.0
0.193
0.1816
0.133
0.1826
0.0
0.0246
0.0624
0.0378
0.0
0.0378
0.0378
0.0572
0.41
0.0378
0.0132
0.1264
0.0674
0.0612
0.0
0.0
0.1148
0.3048
0.0264
0.1402
0.1402
0.0648
0.0118
0.0
0.0
0.0898
0.0
0.0
0.0
0.0
0.4176
0.0314
0.0314
0.0214
0.0384
0.0266
0.0266
0.0266
0.0112
0.0378
0.3376
0.119
0.5046
0.0
0.06
0.0314
0.0314
0.0314
0.0314
0.0314
0.0314
0.0306
0.0
0.0
0.0
0.042
0.4102
0.2558
0.4046
0.264
0.0
0.3144
0.1228
0.105
0.0
0.0
0.0
0.1622
0.1352
0.0
0.0258
0.0542
0.164
0.0528
0.1124
0.0
0.0314
0.0
0.0
0.0
0.1996
0.0
0.0378
0.0
0.0
0.0
0.0
0.0
0.0
0.2026
0.4808
0.4246
0.4012
0.0346
0.0
0.0
0.0
0.0
0.0
0.0
0.0
0.0506
0.0
0.0
0.0
0.0
0.0
0.0
0.0
0.3756
0.0068
0.0068
0.0
0.0
0.0
0.0
0.0
0.0
0.0
0.0
0.0
0.0
0.0
0.3666
0.2052
0.0378
0.0378
0.012
0.012
0.012
0.0662
0.0218
0.434
0.0144
0.085
0.0
0.0908
0.0436
0.0
0.0
0.0298
0.0298
0.0858
0.0892
0.3694
0.0
0.0
0.086
0.0534
0.0184
0.0
0.0378
0.0378
0.0
0.0
0.3008
0.3428
0.0
0.1722
0.409
0.001
0.2332
0.1724
0.0446
0.0
0.1924
0.1924
0.1924
0.2138
0.1376
0.124
0.124
0.0852
0.0544
0.0916
0.0852
0.0852
0.1572
0.1278
0.0314
0.0378
0.0616
0.1876
0.1512
0.1142
0.264
0.0
0.0
0.0376
0.0
0.0
0.0
0.0358
0.0358
0.0358
0.0358
0.0358
0.0358
0.0
0.0
0.0
0.0
0.5262
0.0378
0.0176
0.0
0.3894
0.4206
0.0
0.3306
0.3908
0.171
0.2706
0.2068
0.1122
0.0986
0.039
0.039
0.039
0.0
0.1846
0.4304
0.0
0.049
0.1172
0.0314
0.0312
0.0314
0.0314
0.0332
0.0664
0.0
0.0
0.0
0.0
0.0
0.0
0.0
0.0
0.0
0.0
0.0
0.0
0.0
0.069
0.107
0.0
0.0454
0.0014
0.0
0.0
0.0
0.0
0.0
0.0
0.0
0.0
0.0
0.0
0.0378
0.135
0.3226
0.1824
0.0346
0.1242
0.4982
0.045
0.045
0.0606
0.0
0.0
0.0
0.1566
0.2218
0.2218
0.1266
0.0538
0.1732
0.0702
0.031
0.0
0.0378
0.0
0.0
0.0
0.0
0.0
0.0
0.0
0.0
0.0
0.0
0.0
0.0
0.0
0.0
0.0
0.0
0.0
0.0
0.0
0.0
0.0
0.0
0.032
0.032
0.0
0.0
0.0
0.0
0.0
0.0
0.0
0.0
0.0
0.0302
0.0302
0.0
0.0
0.0
0.0
0.0
0.0
0.0
0.0
0.0
0.0
0.0
0.0
0.0
0.0
0.0
0.0
0.0
0.1226
0.0314
0.1822
0.184
0.184
0.0432
0.0
0.008
0.0
0.0238
0.0
0.0306
0.01
0.01
0.02
0.01
0.1036
0.0
0.0
0.0
0.0
0.0
0.0
0.0
0.0
0.0
0.0
0.0
0.0
0.0
0.0
0.0
0.0
0.0
0.0
0.0
0.0
0.0
0.0
0.0
0.0
0.0
0.0
0.0
0.0
0.0
0.0
0.0
0.0
0.0
0.0
0.0
0.0
0.0
0.0
0.0
0.0
0.0
0.0
0.0
0.0
0.0
0.0
0.0
0.0
0.0
0.0
0.0
0.0
0.0
0.0
0.0
0.0
0.0
0.0
0.0
0.0
0.0
0.0
0.0
0.0
0.0
0.0
0.0
0.0
0.0
0.0
0.0
0.0
0.0
0.0
0.0
0.0
0.0
0.0
0.0
0.0
0.0626
0.0312
0.0186
0.0186
0.0372
0.0372
0.0372
0.0372
0.066
0.0
0.0
0.0
0.0014
0.0112
0.0014
0.0112
0.0972
0.0
0.0
0.0
0.0612
0.0612
0.2608
0.349
0.0378
0.024
0.0
0.4574
0.0
0.0082
0.2948
0.0104
0.0104
0.1688
0.0
0.0
0.2608
0.0
0.285
0.3032
0.1284
0.0712
0.3158
0.0
0.2474
0.1796
0.058
0.4514
0.0612
0.0
0.165
0.0088
0.0112
0.0
0.1186
0.2828
0.029
0.117
0.0314
0.0314
0.0
0.0
0.0
0.0
0.0
0.0504
0.4334
0.4304
0.0418
0.0418
0.083
0.0
0.0068
0.0
0.0
0.0
0.0
0.238
0.307
0.327
0.0082
0.0082
0.3714
0.0
0.5592
0.1938
0.2034
0.3952
0.3952
0.1508
0.0754
0.3952
0.0516
0.0
0.0
0.0
0.0
0.0
0.0652
0.0652
0.0338
0.0
0.0888
0.0888
0.1092
0.0124
0.051
0.3026
0.086
0.0
0.102
0.0402
0.1086
0.113
0.113
0.0
0.3696
0.0648
0.0094
0.0376
0.0376
0.0
0.013
0.0
0.0314
0.4458
0.0366
0.4832
0.2036
0.0378
0.033
0.2018
0.087
0.0
0.0
0.0
0.0728
0.2668
0.0
0.2608
0.4486
0.0378
0.0378
0.0
0.0332
0.0332
0.1562
0.0378
0.0
0.0378
0.0378
0.0
0.1278
0.1278
0.1278
0.1278
0.0
0.0808
0.0808
0.0482
0.1456
0.3046
0.2132
0.28
0.0674
0.0674
0.0614
0.0112
0.4188
0.0332
0.0428
0.0776
0.1074
0.2348
0.0
0.0
0.0
0.0
0.0
0.0
0.056
0.0
0.0
0.1292
0.1292
0.1844
0.0112
0.0314
0.0
0.0
0.4186
0.207
0.0
0.4798
0.0206
0.0
0.4798
0.0
0.0
0.0374
0.4404
0.455
0.4938
0.0
0.0
0.0
0.0532
0.0532
0.0
0.0
0.0
0.0
0.0308
0.0308
0.0984
0.0984
0.0984
0.0984
0.0984
0.0984
0.0984
0.0984
0.0
0.0
0.0
0.0
0.0444
0.4288
0.0
0.1808
0.0314
0.0
0.0
0.0
0.0
0.0
0.0
0.0
0.0
0.0
0.0
0.0
0.0002
0.1258
0.0
0.0
0.0
0.0
0.0
0.0698
0.0698
0.0
0.0124
0.0178
0.0492
0.0694
0.0806
0.0
0.0
0.0314
0.0934
0.0934
0.0
0.0
0.0
0.0
0.0
0.0
0.0
0.0752
0.0
0.0
0.0
0.0
0.0
0.011
0.0448
0.0448
0.0
0.0312
0.0
0.0
0.0
0.0
0.0
0.0
0.0206
0.0206
0.065
0.0376
0.0488
0.1332
0.1876
0.0
0.0
0.0
0.0
0.0324
0.0324
0.0642
0.0642
0.0314
0.0314
0.0
0.0
0.0178
0.0
0.0
0.0
0.177
0.2564
0.287
0.0
0.0
0.0
0.0
0.0
0.0
0.0332
0.0
0.0314
0.0314
0.0314
0.0314
0.0
0.0
0.0
0.0
0.0
0.0
0.0
0.0326
0.014
0.0292
0.0
0.0
0.0
0.0
0.0
0.0
0.0
0.0
0.0
0.0
0.0
0.0
0.0
0.0
0.0
0.0174
0.025
0.0
0.0
0.0
0.0
0.0
0.0
0.0
0.0
0.0
0.0
0.0
0.0
0.0
0.0
0.0
0.0
0.1252
0.1628
0.183
0.0332
0.0
0.1854
0.1408
0.0
0.0
0.061
0.0384
0.0
0.0
0.0
0.0
0.0
0.0
0.188
0.0304
0.0304
0.0304
0.0304
0.0246
0.0
0.0
0.0
0.0
0.0
0.0
0.0
0.0
0.0
0.0
0.0
0.0
0.031
0.031
0.031
0.0
0.0
0.0
0.0
0.0
0.0
0.0
0.0
0.0
0.0
0.0
0.0
0.0
0.0
0.0
0.0
0.0334
0.035
0.035
0.035
0.07
0.07
0.035
0.035
0.0332
0.0
0.0
0.1108
0.103
0.0314
0.0314
0.0
0.074
0.0188
0.0596
0.0952
0.1786
0.0168
0.0
0.0314
0.0
0.0314
0.1342
0.0314
0.0314
0.0692
0.635
0.1202
0.0172
0.0378
0.0782
0.1372
0.14
0.1296
0.135
0.4722
0.0
0.0
0.2658
0.2722
0.2704
0.0202
0.1738
0.0378
0.4098
0.0
0.1784
0.0
0.0212
0.0
0.218
0.0854
0.1004
0.0282
0.0314
0.0314
0.0136
0.0
0.4758
0.2928
0.1354
0.1354
0.0
0.3352
0.1378
0.2
0.279
0.0606
0.0606
0.0606
0.3068
0.1982
0.0
0.0378
0.0
0.0
0.0378
0.0192
0.0192
0.8476
0.3104
0.0864
0.0
0.2826
0.1452
0.2926
0.352
0.0
0.0314
0.576
0.0822
0.0822
0.0332
0.112
0.112
0.0106
0.2926
0.022
0.0768
0.3134
0.3104
0.2588
0.096
0.3898
0.024
0.7734
0.186
0.0188
0.026
0.0558
0.0376
0.0412
0.0
0.0184
0.339
0.1214
0.1214
0.0396
0.0578
0.0446
0.1126
0.0106
0.3698
0.0496
0.0
0.0312
0.0626
0.0314
0.112
0.123
0.0808
0.2514
0.0378
0.4
0.4288
0.4288
0.3442
0.2386
0.0
0.0
0.0
0.0
0.0
0.0758
0.0446
0.0264
0.0264
0.0274
0.2916
0.2048
0.1694
0.0834
0.246
0.0422
0.1016
0.0644
0.2152
0.0742
0.1534
0.0
0.0
0.0
0.0
0.0
0.0
0.0676
0.0
0.0
0.0
0.0
0.0
0.0
0.0
0.0
0.0
0.0
0.0
0.0
0.0
0.0
0.0
0.0
0.0
0.0
0.0
0.0
0.0
0.0
0.016
0.0
0.0
0.0
0.0
0.0
0.0
0.0
0.0
0.0
0.0
0.0256
0.0256
0.0256
0.0256
0.0
0.0
0.0
0.0
0.0
0.0
0.0
0.0
0.0
0.0194
0.0508
0.0376
0.0
0.0
0.0
0.0
0.0
0.0
0.0
0.0
0.0
0.0
0.0
0.0
0.0
0.0186
0.0186
0.0186
0.0
0.0
0.0524
0.0996
0.0
0.0
0.0
0.0
0.0
0.0
0.0
0.0
0.0
0.0
0.0
0.0
0.0
0.0
0.0
0.0
0.0
0.0
0.0
0.0
0.0
0.0
0.0
0.0
0.0
0.0
0.0
0.0
0.0138
0.0138
0.0138
0.0138
0.0
0.0
0.0
0.0
0.0
0.0
0.0164
0.0378
0.0214
0.0526
0.0526
0.0
0.0
0.0
0.0
0.0
0.0178
0.0178
0.0178
0.0178
0.0
0.0
0.0
0.0
0.0
0.0
0.0
0.0
0.0
0.0
0.0
0.0
0.0
0.0
0.0
0.0138
0.0138
0.0
0.0
0.0
0.0
0.0
0.0224
0.0224
0.0858
0.0858
0.0374
0.0
0.0
0.0
0.0
0.0194
0.0194
0.0
0.1502
0.1624
0.2198
0.0
0.0478
0.0478
0.028
0.0294
0.0294
0.0294
0.0
0.0
0.0
0.0
0.0
0.0
0.0
0.0
0.0
0.0
0.0
0.0
0.0
0.0
0.0
0.0334
0.0334
0.0
0.0
0.0378
0.0628
0.1268
0.2952
0.3964
0.0622
0.0
0.0
0.0
0.0314
0.0
0.0
0.0
0.0
0.0314
0.0314
0.0314
0.0314
0.0314
0.0
0.0
0.0
0.0
0.082
0.0
0.0
0.0
0.0
0.0
0.0
0.0
0.0
0.0
0.0
0.0
0.0
0.0
0.0
0.0
0.0
0.0
0.0
0.0
0.0
0.0228
0.0126
0.0
0.0
0.0
0.0
0.0
0.0
0.0
0.0
0.0
0.2572
0.3198
0.0
0.0862
0.0862
0.0
0.0
0.0
0.0
0.0
0.0
0.0
0.0928
0.0
0.0
0.0
0.0
0.0
0.0
0.0
0.0
0.0
0.2778
0.2274
0.0054
0.0
0.0
0.0
0.0
0.0
0.0
0.0
0.0
0.0
0.0
0.0
0.0196
0.0
0.0
0.0
0.0
0.0
0.0
0.0
0.0
0.0
0.0
0.0
0.0
0.0
0.0
0.0
0.0
0.0118
0.0
0.0
0.0
0.0
0.0
0.0
0.0
0.0
0.0
0.0
0.0
0.0
0.0
0.0
0.0
0.0
0.0
0.0
0.0
0.0
0.0
0.0
0.0
0.0182
0.055
0.0052
0.0
0.0
0.0
0.0
0.0
0.0
0.0
0.0
0.0308
0.0308
0.0
0.0
0.0
0.0
0.0
0.0
0.0
0.0
0.0
0.0
0.0
0.0
0.0
0.0
0.0
0.0
0.0
0.0
0.0
0.0
0.0
0.0
0.0
0.0
0.0
0.0
0.0
0.0
0.0
0.0
0.0
0.0
0.015
0.0
0.0
0.0
0.0
0.0
0.0
0.0
0.0
0.0
0.0
0.0
0.0
0.0
0.0
0.0
0.0
0.0
0.0
0.0
0.0
0.0
0.0
0.0378
0.0378
0.0
0.0
0.0
0.0
0.0
0.0
0.0
0.0
0.0
0.2036
0.0
0.0
0.0
0.0
0.0388
0.0
0.0
0.0
0.0
0.0
0.0
0.0
0.0
0.0244
0.0244
0.0
0.0
0.0
0.0
0.0
0.0
0.0
0.0
0.0
0.0
0.0
0.0
0.0
0.0
0.0
0.0
0.0
0.0
0.0
0.0
0.0
0.0
0.0
0.0
0.0
0.0
0.0
0.0
0.0
0.0
0.0314
0.0314
0.0314
0.0314
0.0314
0.0
0.0
0.0
0.0
0.0
0.0
0.0
0.0
0.0
0.0
0.0
0.0
0.0
0.0
0.0
0.014
0.014
0.0
0.0
0.0
0.0
0.0
0.0
0.0116
0.0116
0.0
0.0
0.0
0.0
0.0
0.0
0.0
0.0
0.0
0.0
0.0
0.0
0.0
0.0188
0.0188
0.0
0.0
0.0
0.0
0.0
0.0
0.0
0.0
0.0
0.0
0.0
0.0
0.0
0.0
0.0
0.0
0.0
0.0
0.0
0.0
0.0178
0.0178
0.0178
0.0314
0.0314
0.0
0.0
0.0
0.0
0.0
0.0
0.0
0.0
0.0
0.0
0.0
0.0
0.0
0.0
0.0
0.0
0.0
0.0
0.0
0.0
0.0
0.0
0.0
0.0308
0.1438
0.1156
0.0512
0.0
0.0308
0.0308
0.1302
0.1074
0.0514
0.0
0.0308
0.0308
0.0308
0.0
0.0
0.0
0.0308
0.0308
0.0308
0.0
0.0186
0.0186
0.0186
0.006
0.0
0.0
0.0
0.0
0.0
0.0
0.0
0.0
0.0
0.0
0.0
0.0
0.0
0.0
0.0
0.0
0.0
0.0
0.0
0.0
0.0
0.0
0.0
0.0
0.0
0.0
0.0
0.0
0.0
0.0
0.0
0.0
0.0
0.0
0.0
0.0624
0.0
0.0
0.0
0.0
0.0
0.0
0.0
0.0
0.0
0.0
0.0
0.0
0.0
0.0
0.0
0.0
0.0
0.0
0.0
0.0
0.0
0.0
0.0
0.0
0.0
0.0
0.0
0.0
0.0
0.0974
0.0
0.0
0.0
0.0
0.0256
0.0
0.0
0.0
0.0
0.0
0.0
0.0
0.0
0.0
0.0
0.0
0.0
0.0
0.0
0.0
0.0
0.0
0.0
0.0
0.0
0.0
0.0
0.0
0.0
0.0314
0.0
0.0
0.0
0.0
0.0
0.0
0.0
0.0
0.0
0.0158
0.0
0.0
0.0
0.0
0.0
0.0
0.0
0.0
0.0
0.0
0.0
0.104
0.0298
0.0
0.0
0.0
0.0
0.0
0.0
0.0
0.0
0.0
0.0224
0.0224
0.0
0.0
0.0048
0.0268
0.0268
0.0268
0.0
0.0
0.0
0.0
0.0
0.0
0.0
0.0
0.0
0.0
0.0
0.0
0.0314
0.0314
0.0314
0.0
0.2326
0.0
0.0
0.0
0.0
0.0
0.0
0.0
0.0
0.0
0.0314
0.0314
0.0314
0.0314
0.0314
0.0314
0.0314
0.0
0.0
0.0
0.0
0.0
0.0404
0.0174
0.0174
0.0174
0.0174
0.003
0.0
0.0
0.0
0.0
0.0
0.0
0.0
0.0
0.0
0.0
0.0
0.0
0.0
0.0
0.0
0.0
0.0
0.0
0.0
0.0
0.0
0.0
0.0
0.0104
0.0
0.0
0.0
0.0
0.0202
0.0202
0.0296
0.0296
0.0296
0.0296
0.0296
0.0146
0.0
0.078
0.078
0.078
0.078
0.078
0.011
0.011
0.0314
0.0
0.1298
0.1198
0.0386
0.0
0.4284
0.0378
0.0
0.0808
0.0884
0.0454
0.0388
0.0454
0.0388
0.0
0.0
0.0
0.0376
0.3646
0.0
0.0
0.0
0.0
0.0
0.0
0.1122
0.1278
0.2796
0.288
0.0
0.0378
0.0
0.0378
0.0
0.2934
0.4732
0.0378
0.0112
0.0112
0.0314
0.0314
0.4098
0.3658
0.0576
0.0576
0.0088
0.0
0.0
0.2494
0.0378
0.1262
0.3312
0.0102
0.0102
0.0726
0.0726
0.0
0.0
0.0
0.0288
0.0726
0.3542
0.0
0.0524
0.1886
0.1886
0.1886
0.176
0.289
0.3978
0.107
0.4288
0.1108
0.3686
0.0
0.0314
0.0216
0.017
0.0964
0.0392
0.103
0.0946
0.1202
0.2016
0.0216
0.0994
0.0376
0.0376
0.0376
0.0
0.0312
0.0314
0.031
0.0
0.1632
0.142
0.039
0.0
0.0114
0.0378
0.0378
0.0156
0.0632
0.0
0.026
0.1368
0.4834
0.0154
0.3842
0.0
0.0
0.0
0.0
0.0
0.107
0.0638
0.0
0.2772
0.339
0.4374
0.502
0.4516
0.063
0.063
0.0974
0.0302
0.3214
0.2398
0.1572
0.099
0.3816
0.1262
0.0376
0.0
0.0
0.3864
0.0
0.0648
0.0648
0.3006
0.3032
0.1586
0.2722
0.1298
0.0118
0.0306
0.0568
0.1138
0.0464
0.0916
0.2844
0.0
0.014
0.1346
0.4336
0.1796
0.0
0.0
0.235
0.2282
0.0084
0.0928
0.0084
0.0928
0.3598
0.0276
0.4114
0.296
0.0692
0.0
0.0
0.0
0.598
0.0378
0.0818
0.033
0.0
0.0
0.2212
0.2808
0.0
0.0
0.0706
0.1178
0.1542
0.0928
0.133
0.0638
0.0414
0.0414
0.0612
0.0
0.1392
0.3254
0.297
0.1056
0.0
0.0
0.1306
0.0788
0.1464
0.2878
0.264
0.1434
0.0788
0.0
0.0
0.0
0.0
0.2708
0.3358
0.0378
0.3228
0.0314
0.073
0.01
0.0
0.0308
0.0308
0.0308
0.0302
0.0
0.0
0.1228
0.0488
0.0488
0.0
0.091
0.0414
0.0
0.0
0.0
0.0
0.0
0.0
0.0
0.0
0.0
0.0
0.0
0.2678
0.2248
0.0
0.0408
0.1434
0.151
0.187
0.212
0.2214
0.1106
0.191
0.3306
0.0244
0.3652
0.0
0.0
0.0
0.0
0.0
0.0
0.0
0.0
0.0378
0.0
0.0
0.0314
0.0
0.0
0.0
0.0
0.0
0.031
0.031
0.031
0.0578
0.0312
0.0312
0.1106
0.0
0.0
0.0
0.0
0.0
0.0
0.0
0.0
0.0
0.0
0.0
0.0
0.0
0.0
0.0
0.0
0.0
0.0
0.0
0.006
0.0384
0.0828
0.0828
0.0828
0.0828
0.0828
0.073
0.0
0.0
0.1376
0.0
0.0
0.0
0.0
0.0
0.0
0.0
0.0762
0.0838
0.0
0.021
0.021
0.0
0.0
0.3508
0.0
0.0
0.0314
0.0314
0.0
0.0
0.0
0.0
0.0
0.0
0.0
0.032
0.0304
0.0636
0.0332
0.0314
0.0314
0.0
0.0314
0.0946
0.0
0.1408
0.0958
0.0
0.0
0.0
0.0
0.0
0.1064
0.0
0.0
0.0
0.0
0.13
0.0582
0.0
0.0
0.0172
0.0
0.0
0.0
0.2072
0.0
0.204
0.0698
0.0698
0.1656
0.0
0.0
0.0
0.0
0.0602
0.0456
0.1156
0.122
0.0152
0.1174
0.0
0.1212
0.0388
0.2906
0.4064
0.0564
0.0
0.0
0.0996
0.0638
0.0
0.1536
0.0934
0.06
0.0478
0.03
0.235
0.235
0.013
0.033
0.0216
0.031
0.1074
0.1266
0.2626
0.1976
0.0878
0.0314
0.1126
0.0314
0.1126
0.0922
0.0998
0.116
0.018
0.0286
0.0968
0.4046
0.3834
0.0288
0.1508
0.2014
0.3294
0.1752
0.4512
0.0378
0.0
0.0492
0.166
0.0
0.0708
0.03
0.0558
0.1366
0.12
0.0428
0.1742
0.165
0.196
0.0378
0.3022
0.0
0.1614
0.0918
0.1468
0.3042
0.1838
0.3152
0.2974
0.0314
0.0402
0.0
0.0986
0.0
0.0616
0.0746
0.0
0.0
0.0
0.3786
0.1386
0.1038
0.0
0.0692
0.0196
0.3912
0.2274
0.211
0.1422
0.035
0.042
0.0208
0.0
0.2356
0.1908
0.2844
0.0376
0.1878
0.0322
0.2414
0.2562
0.0298
0.0298
0.0734
0.0734
0.0138
0.0138
0.1568
0.2928
0.0378
0.0
0.1898
0.3472
0.6328
0.6066
0.1534
0.1124
0.163
0.1822
0.406
0.246
0.025
0.025
0.0
0.025
0.025
0.0
0.0166
0.0
