0.0
0.0
0.0
0.0314
0.0
0.1872
0.2142
0.053
0.0326
0.0
0.0
0.0
0.2626
0.0
0.053
0.0
0.0
0.0314
0.0
0.031
0.0
0.0
0.0
0.8404
0.0
0.0
0.0218
0.0
0.0
0.0
0.0
0.0
0.0628
0.0
0.0
0.0
0.0
0.0
0.0524
0.2808
0.0
0.0
0.0
0.0
0.0
0.0
0.5434
0.0
0.0
0.0
0.477
0.0
0.0
0.0
0.0
0.0
0.0
0.0
0.0
0.0
0.0
0.0
0.0
0.0
0.0
0.0466
0.1094
0.0
0.274
0.0
0.0
0.0
0.0
0.0
0.0
0.0
0.0
0.4236
0.0886
0.0
0.555
0.0
0.0
0.0
0.0
0.7082
0.0
0.0
0.2586
0.5
0.0224
0.0186
0.0
0.308
0.1078
0.0
0.0024
0.0
0.2368
0.0
0.0
0.0
0.0
0.0
0.0
0.0
0.0572
0.033
0.0
0.1448
0.0
0.0864
0.5
0.0
0.0534
0.0
0.259
0.0
0.0488
0.0
0.0644
0.0
0.0176
0.0
0.0
0.0
0.0142
0.385
0.0
0.0
0.0
0.0
0.0
0.0
0.0
0.0
0.0
0.0
0.3204
0.0
0.0
0.0844
0.2428
0.1486
0.0
0.0532
0.1078
0.0
0.0
0.0
0.1802
0.4352
0.0
0.0
0.0126
0.0
0.0
0.0314
0.0
0.0448
0.0
0.363
0.0
0.0
0.3962
0.0
0.497
0.0
0.0
0.0314
0.0
0.0
0.4878
0.0
0.0314
0.0
0.0
0.4376
0.0
0.0
0.1846
0.2262
0.0
0.351
0.0
0.0
0.331
0.0
0.0
0.2506
0.0
0.3724
0.1174
0.0
0.0612
0.0
0.0
0.0
0.0
0.3858
0.0
0.0
0.0
0.1136
0.0
0.0
0.0
0.0314
0.0
0.0
0.0
0.0
0.387
0.0
0.0
0.581
0.0858
0.0
0.0886
0.054
0.0
0.289
0.319
0.0664
0.0
0.6508
0.2796
0.0
0.0
0.498
0.0
0.0
0.0
0.0
0.015
0.0
0.1118
0.1116
0.0
0.0
0.0
0.555
0.4332
0.0204
0.1562
0.0684
0.0
0.0314
0.0
0.024
0.0938
0.0
0.0
0.1026
0.0
0.3122
0.0
0.0
0.3938
0.0
0.0
0.0
0.0
0.0
0.0266
0.0
0.2484
0.3538
0.0
0.6112
0.0
0.0
0.0
0.0
0.0
0.0
0.0
0.0
0.0
0.0
0.2326
0.0
0.1192
0.0334
0.0
0.0
0.0
0.5562
0.0
0.0
0.0
0.034
0.0
0.0
0.0
0.3522
0.0
0.0
0.0
0.0
0.0
0.0314
0.0326
0.0
0.0
0.0
0.0508
0.0138
0.0
0.0
0.2668
0.0
0.8294
0.0
0.0646
0.0378
0.031
0.0
0.0
0.282
0.0
0.0
0.0
0.0
0.0
0.0
0.0646
0.0
0.0
0.0
0.0
0.0
0.0
0.0354
0.0314
0.4776
0.1312
0.0
0.0
0.1536
0.1682
0.0
0.0
0.1582
0.0634
0.0
0.1572
0.0
0.16
0.0
0.0
0.0194
0.0794
0.0
0.0
0.1474
0.0
0.0
0.0
0.0
0.297
0.0
0.0
0.0
0.7074
0.0
0.5138
0.0
0.0
0.0
0.0
0.0
0.0
0.304
0.0574
0.0
0.014
0.5934
0.0
0.0
0.3692
0.1154
0.1504
0.0
0.0
0.0
0.0
0.0
0.0
0.0
0.063
0.0
0.119
0.0
0.0
0.1208
0.0
0.0
0.537
0.085
0.0
0.1714
0.0
0.0
0.0
0.0656
0.0
0.1444
0.0
0.0
0.0
0.0338
0.0
0.0
0.0
0.0
0.0
0.0
0.1044
0.1274
0.1062
0.0
0.0
0.456
0.0664
0.0
0.0776
0.0
0.0
0.0
0.0
0.3122
0.0332
0.5908
0.0
0.2172
0.0
0.0
0.0
0.0
0.0
0.0
0.0
0.0546
0.0
0.0442
0.0
0.0
0.0
0.0
0.0
0.347
0.0
0.0
0.0
0.2236
0.0
0.0252
0.0
0.0
0.0938
0.0
0.0
0.0
0.0
0.0
0.0
0.58
0.0
0.0
0.0
0.1728
0.0
0.0296
0.0
0.0
0.0
0.0
0.1022
0.0
0.0
0.0764
0.0198
0.0186
0.0
0.0
0.0
0.0
0.5372
0.0
0.0
0.1924
0.0
0.0
0.3386
0.0238
0.0402
0.0
0.0
0.0
0.0
0.3348
0.0378
0.4716
0.0
0.0
0.0
0.0
0.0
0.0
0.0
0.0
0.0
0.0312
0.0
0.5388
0.0
0.0314
0.336
0.0
0.0
0.0
0.0114
0.022
0.325
0.0
0.0314
0.2714
0.0332
0.0
0.0
0.0
0.0
0.7142
0.031
0.2196
0.0
0.168
0.0
0.0
0.0
0.574
0.0312
0.0
0.438
0.0
0.0
0.0
0.0
0.0
0.0
0.1466
0.0
0.0
0.0
0.0
0.0
0.0
0.3684
0.1734
0.0
0.0158
0.3806
0.0
0.0
0.0314
0.2028
0.0
0.0
0.0
0.0
0.0
0.8838
0.088
0.0
0.0
0.0138
0.0
0.0
0.0
0.0
0.3154
0.0
0.0
0.0
0.0
0.0
0.4154
0.0
0.0
0.0
0.0
0.0
0.2608
0.0358
0.0
0.0
0.0
0.2478
0.0922
0.0
0.0
0.0
0.0468
0.0
0.0
0.0
0.504
0.0
0.0
0.0
0.0
0.0
0.0
0.0
0.0
0.0
0.0
0.1256
0.2506
0.0
0.0
0.0
0.0
0.0
0.0
0.3266
0.0
0.0
0.2488
0.0216
0.0
0.0
0.0
0.0
0.014
0.0
0.0
0.0
0.2946
0.0
0.0
0.1536
0.0
0.0
0.0
0.0
0.2536
0.0
0.0
0.0628
0.0
0.0
0.36
0.0
0.0
0.0
0.0
0.0
0.2602
0.0332
0.0
0.0376
0.0
0.0
0.0
0.227
0.0
0.1528
0.587
0.444
0.0
0.0
0.1432
0.0206
0.0
0.1114
0.0
0.2326
0.0
0.0
0.0
0.0
0.013
0.102
0.0
0.0
0.0
0.2122
0.013
0.104
0.504
0.094
0.0
0.0158
0.0
0.0314
0.1526
0.0
0.0
0.0
0.4874
0.4404
0.1544
0.0
0.5744
0.0358
0.0
0.0
0.341
0.0444
0.6182
0.0
0.0
0.0
0.6702
0.0
0.0
0.0
0.1304
0.0
0.0312
0.0
0.192
0.014
0.0
0.0
0.0
0.86
0.0
0.0
0.0
0.0
0.0
0.0344
0.0
0.255
0.0
0.081
0.0402
0.0964
0.5708
0.0774
0.0978
0.0
0.0
0.0
0.4548
0.0
0.0
0.215
0.0
0.235
0.4304
0.0436
0.449
0.0
0.0
0.0572
0.0364
0.0
0.0
0.0
0.0
0.0296
0.0
0.0772
0.2512
0.0298
0.0
0.638
0.0
0.0734
0.0
0.0
0.0
0.0
0.0
0.0
0.0
0.0
0.0
0.0
0.0
0.0314
0.2728
0.0082
0.0
0.0
0.0
0.0
0.0
0.0
0.0274
0.0
0.1078
0.7438
0.0
0.1118
0.0
0.0
0.0
0.157
0.0352
0.0
0.579
0.0268
0.0
0.0
0.0
0.0
0.0
0.1496
0.0144
0.49
0.2842
0.0646
0.0184
0.0246
0.0626
0.0132
0.0
0.202
0.0
0.1674
0.0332
0.106
0.0
0.0
0.0
0.2564
0.0
0.4586
0.0
0.0
0.0
0.0634
0.0
0.0
0.0
0.0
0.0
0.0
0.0
0.0
0.3132
0.0646
0.209
0.0
0.444
0.0
0.0
0.0
0.0
0.0
0.0
0.0
0.0
0.0
0.0
0.6296
0.0314
0.0
0.0
0.1214
0.0
0.0
0.0332
0.0
0.0406
0.0
0.0314
0.4358
0.0
0.0
0.009
0.154
0.0
0.0
0.1338
0.0
0.0
0.0
0.0
0.0
0.0
0.616
0.7688
0.0
0.0
0.0
0.0
0.0
0.0314
0.0224
0.0442
0.036
0.4784
0.0332
0.0
0.0
0.0
0.0
0.0
0.0064
0.0
0.0
0.0
0.0
0.0
0.158
0.3088
0.0
0.0
0.0
0.0
0.0314
0.0
0.4372
0.0
0.0
0.1056
0.0
0.0
0.1224
0.0816
0.0318
0.0
0.0
0.0
0.0
0.0
0.0
0.014
0.0
0.0
0.0314
0.0916
0.0
0.0
0.8722
0.0
0.1322
0.0
0.129
0.0346
0.0
0.0
0.0
0.0
0.0
0.0098
0.0
0.0
0.0
0.0
0.0
0.7808
0.0
0.0
0.0
0.0
0.0888
0.0
0.0
0.0312
0.7358
0.0
0.3454
0.0174
0.0
0.0
0.5614
0.295
0.0
0.0
0.0
0.0
0.007
0.0
0.0
0.922
0.0
0.6366
0.0
0.0
0.191
0.0
0.0
0.0
0.0
0.0
0.2074
0.0174
0.3664
0.5316
0.0118
0.5714
0.0
0.0
0.0
0.0
0.0
0.0
0.0296
0.0
0.0
0.0314
0.7472
0.0
0.0
0.0
0.0
0.503
0.0
0.0
0.0
0.2256
0.0
0.2812
0.1132
0.148
0.3582
0.839
0.0
0.0
0.1304
0.0
0.0
0.0314
0.0
0.0
0.0
0.0
0.0
0.0
0.0
0.0
0.0
0.1172
0.0
0.0
0.0
0.0854
0.0
0.2948
0.0
0.1896
0.0
0.8602
0.0
0.3806
0.052
0.0
0.0492
0.0
0.3668
0.0
0.051
0.0
0.0704
0.0
0.8878
0.0664
0.0076
0.0
0.0
0.0
0.4918
0.0324
0.0
0.0
0.0
0.73
0.4506
0.0
0.0
0.0
0.0374
0.0
0.0
0.0
0.0
0.0
0.0
0.0
0.0
0.0
0.3704
0.0
0.0336
0.0
0.123
0.1272
0.0
0.0332
0.395
0.1802
0.0546
0.2424
0.2658
0.2628
0.0
0.0
0.0332
0.0
0.0
0.2152
0.4884
0.2394
0.0
0.0
0.0
0.012
0.4204
0.0
0.0
0.0576
0.0344
0.0
0.3894
0.0
0.2252
0.0
0.2354
0.2628
0.0
0.0
0.0
0.0
0.0
0.3574
0.0
0.24
0.1412
0.0
0.0
0.7866
0.2026
0.2534
0.0
0.2148
0.0
0.291
0.401
0.0
0.0
0.0
0.0
0.0132
0.0
0.8404
0.0
0.3524
0.0
0.0226
0.0
0.0
0.3862
0.0
0.0314
0.876
0.0
0.0
0.0
0.0
0.0
0.0
0.355
0.0
0.0
0.0
0.0
0.0
0.2182
0.0
0.0
0.0
0.0
0.019
0.0
0.0112
0.0
0.1098
0.0
0.0
0.0
0.1682
0.0
0.0
0.0
0.0688
0.1246
0.0
0.0
0.1654
0.0
0.0
0.0
0.0
0.0
0.0
0.0
0.0
0.0
0.0
0.0312
0.103
0.0
0.0
0.2252
0.0184
0.0
0.0
0.0
0.0
0.0
0.1204
0.3942
0.0306
0.5086
0.0
0.0
0.0314
0.0
0.0
0.0094
0.5156
0.0
0.0
0.0
0.0
0.0
0.4804
0.3664
0.0
0.0
0.0
0.1234
0.0
0.0
0.0102
0.01
0.0
0.0
0.0
0.3042
0.0
0.0
0.0
0.5142
0.0
0.0
0.0296
0.0
0.0
0.0
0.0
0.1288
0.037
0.04
0.1746
0.0
0.0
0.237
0.0
0.0462
0.0
0.0
0.0
0.0
0.0
0.0694
0.0
0.0
0.0
0.0
0.0
0.0442
0.0
0.1522
0.3004
0.028
0.0
0.0
0.0
0.3566
0.0
0.0
0.0
0.0
0.0
0.0
0.153
0.0328
0.4746
0.0
0.0
0.1088
0.0314
0.0
0.0
0.0314
0.0818
0.0
0.1622
0.0
0.0
0.0
0.0
0.0744
0.0
0.1214
0.0
0.0378
0.1706
0.0
0.0
0.0
0.0
0.1112
0.0
0.104
0.0314
0.0
0.0
0.0
0.0
0.0
0.465
0.0
0.0638
0.057
0.0
0.0
0.0
0.0
0.0484
0.0
0.273
0.0
0.0
0.4686
0.0
0.0
0.0
0.0
0.0
0.1156
0.0
0.565
0.0
0.2402
0.0
0.0
0.029
0.0292
0.041
0.0206
0.0
0.0
0.0
0.0
0.0
0.0204
0.086
0.1074
0.027
0.0
0.0306
0.0
0.0332
0.5
0.1564
0.1102
0.0148
0.0
0.0
0.0
0.0
0.3686
0.0
0.0
0.0
0.0
0.525
0.0
0.0
0.0
0.0164
0.0
0.0
0.0
0.0
0.2246
0.0
0.1056
0.0
0.4012
0.0
0.2244
0.0184
0.0
0.0
0.0
0.0
0.0566
0.0792
0.0
0.0
0.0
0.0
0.0
0.0
0.0
0.0
0.0
0.0
0.0358
0.0
0.0858
0.0
0.0664
0.0
0.0314
0.0
0.1678
0.0
0.0
0.0
0.0
0.0
0.0
0.0
0.0
0.0
0.0
0.0
0.0314
0.0
0.0
0.0
0.0
0.0
0.0
0.2696
0.0
0.0212
0.1162
0.0956
0.0
0.0
0.0
0.0314
0.0
0.0102
0.0
0.0
0.0
0.0
0.0
0.2184
0.0
0.0
0.1934
0.0
0.0
0.0
0.0
0.0
0.5622
0.0
0.0
0.4772
0.2542
0.0
0.0
0.0
0.0
0.0
0.0
0.0
0.0
0.0
0.0
0.0
0.0
0.0
0.215
0.0918
0.0
0.4446
0.0
0.2606
0.3782
0.0
0.0
0.0
0.0
0.0
0.0
0.0
0.0
0.0
0.0
0.0
0.2592
0.0
0.0312
0.0
0.0
0.0
0.0006
0.0
0.0
0.0
0.0
0.21
0.0
0.0
0.2976
0.0
0.0
0.0018
0.1924
0.0
0.0
0.0
0.0
0.0
0.1468
0.293
0.0
0.0
0.0
0.0
0.81
0.0
0.0
0.0
0.4294
0.3116
0.0
0.0
0.2422
0.0
0.0
0.0
0.0
0.0
0.033
0.0664
0.0
0.0
0.1268
0.0
0.0
0.0734
0.0
0.0
0.0
0.0676
0.0
0.1924
0.0
0.0
0.4188
0.19
0.0
0.0404
0.0
0.0
0.4542
0.0
0.0314
0.0314
0.0
0.3878
0.0
0.0596
0.5262
0.431
0.0
0.0
0.0
0.0
0.0
0.0
0.0
0.0652
0.0
0.0
0.0786
0.3152
0.104
0.0
0.0
0.0378
0.0
0.0
0.0
0.1538
0.031
0.0
0.0
0.0374
0.0
0.0
0.0
0.498
0.0
0.0084
0.0
0.0
0.0442
0.0514
0.0
0.1176
0.1436
0.7936
0.0
0.0
0.0
0.0
0.286
0.0
0.129
0.0
0.0
0.0
0.0
0.0
0.0
0.0
0.0656
0.1398
0.0
0.0
0.0
0.0
0.0
0.0
0.0
0.0
0.0
0.0846
0.0
0.0
0.1886
0.0
0.1754
0.0
0.0
0.0
0.0
0.0
0.0216
0.0
0.283
0.0
0.0
0.0
0.0
0.067
0.0
0.0
0.0
0.0
0.0
0.0
0.0664
0.0878
0.0898
0.0
0.0
0.0136
0.0
0.0
0.0
0.0
0.0
0.0
0.0416
0.0
0.1626
0.5576
0.1238
0.0
0.0
0.0
0.0
0.0
0.0
0.0
0.0
0.1762
0.0
0.2046
0.0
0.182
0.0406
0.0
0.0
0.0314
0.0
0.7022
0.1308
0.0
0.0172
0.0
0.2014
0.0
0.0
0.0
0.0
0.5808
0.0
0.219
0.0
0.0
0.0
0.0
0.0
0.0
0.0
0.0
0.0304
0.482
0.0
0.0
0.4998
0.0
0.0
0.0
0.0
0.0
0.0
0.0
0.0
0.0
0.0438
0.0
0.3376
0.0314
0.0106
0.0
0.0374
0.0
0.0
0.0314
0.0
0.0216
0.0
0.0
0.0
0.0
0.0
0.0
0.0
0.0314
0.022
0.664
0.0
0.0
0.1392
0.0166
0.0
0.0
0.0
0.0224
0.0
0.0
0.0
0.0
0.0276
0.0444
0.0
0.1284
0.1326
0.0
0.0
0.0
0.0
0.0846
0.0
0.0882
0.0
0.0
0.0618
0.014
0.0
0.0
0.0
0.0666
0.0
0.0
0.1542
0.0
0.3358
0.0
0.2968
0.0
0.3562
0.0
0.4158
0.0
0.0814
0.7304
0.014
0.0
0.0
0.065
0.0
0.0
0.5648
0.043
0.2724
0.0
0.0
0.0
0.0
0.3532
0.0
0.0628
0.09
0.0
0.1306
0.1066
0.1512
0.0
0.0
0.014
0.0
0.0202
0.0
0.0
0.0
0.0
0.0
0.0
0.0
0.0
0.2416
0.0
0.0
0.0
0.4716
0.205
0.1606
0.0298
0.0
0.0288
0.0
0.8112
0.0314
0.0424
0.0
0.0
0.0
0.0852
0.6566
0.0
0.0
0.0332
0.0
0.0
0.0
0.4372
0.0
0.0
0.0332
0.0
0.0
0.0308
0.4162
0.0
0.0366
0.0
0.0
0.0
0.0
0.0
0.0
0.274
0.0
0.0
0.0
0.0
0.0
0.0
0.0
0.0
0.0
0.14
0.0314
0.0
0.2748
0.0
0.0
0.0
0.0904
0.0
0.8402
0.0
0.0
0.0
0.0
0.1256
0.0
0.0268
0.0
0.0
0.0
0.0
0.117
0.1714
0.0
0.1224
0.0
0.0
0.0
0.0
0.0
0.0
0.0
0.0286
0.0
0.232
0.0472
0.0
0.0
0.0
0.0
0.3114
0.062
0.0
0.0
0.0
0.0
0.233
0.0
0.0694
0.0318
0.0
0.0314
0.0
0.0
0.0
0.0
0.5126
0.0
0.0
0.0
0.0
0.0
0.0
0.1378
0.0
0.0
0.5878
0.0
0.0
0.0
0.0
0.0
0.3118
0.1782
0.0
0.0
0.0
0.0
0.1538
0.0
0.2514
0.0
0.0
0.0
0.0
0.0004
0.0502
0.0
0.0
0.0308
0.0
0.0
0.303
0.0
0.0
0.0656
0.0
0.0
0.0
0.0
0.0358
0.7002
0.0
0.0
0.5392
0.0
0.0
0.2376
0.0
0.0
0.0
0.5132
0.0
0.0
0.0
0.3278
0.0
0.0314
0.0
0.534
0.0
0.0
0.0
0.0
0.0
0.0
0.2204
0.0
0.0666
0.031
0.6718
0.7488
0.0
0.0
0.0764
0.0
0.0
0.0
0.0
0.0
0.0
0.012
0.0
0.0
0.0
0.0
0.0
0.0
0.1766
0.0314
0.0842
0.0274
0.0
0.0
0.0106
0.0
0.0
0.0
0.0
0.0
0.0
0.0
0.2958
0.5088
0.1454
0.0
0.0
0.2794
0.0
0.0378
0.0
0.0
0.0
0.0
0.0
0.0
0.0
0.0106
0.0
0.0
0.0
0.2598
0.7106
0.0
0.0
0.0
0.0
0.0
0.1672
0.1538
0.0
0.0
0.068
0.0
0.0
0.0
0.0
0.0546
0.0
0.3852
0.0
0.0
0.3218
0.0
0.064
0.0
0.016
0.1292
0.0
0.0
0.0
0.0
0.0
0.5456
0.0
0.0
0.1432
0.5734
0.0
0.0
0.0314
0.0
0.0
0.0
0.0
0.2416
0.5062
0.1974
0.0474
0.3404
0.0608
0.483
0.0
0.0
0.0
0.0858
0.1596
0.0
0.0
0.0
0.184
0.4896
0.0
0.0
0.0
0.0
0.0
0.0
0.0
0.2776
0.105
0.0
0.0
0.0
0.1188
0.0
0.0696
0.0
0.0
0.0208
0.0
0.0678
0.183
0.0
0.0
0.0
0.0
0.0
0.0
0.152
0.906
0.0
0.0
0.0
0.0
0.0
0.0
0.0314
0.022
0.0
0.0
0.0
0.0114
0.0
0.0
0.0494
0.0
0.0
0.0
0.0
0.0118
0.5314
0.0172
0.0
0.0322
0.317
0.5918
0.0
0.0342
0.0
0.0
0.0
0.0
0.3324
0.0
0.0
0.0
0.1504
0.0294
0.0566
0.0
0.0
0.0
0.0
0.0
0.0
0.0
0.0
0.0216
0.0
0.0
0.0
0.0
0.0676
0.0
0.0254
0.0
0.0
0.0
0.5392
0.0522
0.0
0.0
0.0
0.0
0.0
0.0
0.0
0.2772
0.0
0.0
0.0
0.006
0.0
0.1768
0.0
0.093
0.0
0.0
0.0
0.0
0.0332
0.0372
0.0
0.0
0.0314
0.0
0.0
0.0
0.0314
0.6688
0.3226
0.0
0.0
0.2236
0.0
0.1488
0.0
0.0
0.0
0.501
0.1986
0.2328
0.5356
0.0
0.0
0.536
0.0
0.0
0.0
0.0644
0.0
0.0
0.0314
0.0
0.0
0.0
0.0
0.1102
0.0676
0.0
0.0
0.0
0.0
0.0
0.0
0.0
0.0306
0.0
0.0
0.0
0.0668
0.2318
0.0
0.288
0.0
0.0
0.0
0.0056
0.2742
0.0672
0.0196
0.0
0.0
0.0
0.5442
0.0
0.1272
0.2108
0.0314
0.0
0.0
0.2024
0.0
0.0
0.0
0.0
0.0
0.0
0.0
0.1284
0.0
0.0
0.0
0.0
0.0
0.149
0.0
0.0788
0.0
0.0
0.0
0.4362
0.0
0.0
0.0
0.0
0.0
0.0
0.4538
0.2204
0.0
0.0
0.0
0.0332
0.0
0.0
0.0466
0.0
0.0
0.0
0.2308
0.4544
0.0546
0.0328
0.0
0.0
0.074
0.0
0.0314
0.0
0.2792
0.0
0.0712
0.0
0.6596
0.5734
0.0
0.0
0.0166
0.016
0.0
0.0
0.0
0.0
0.0
0.0
0.0
0.0
0.0
0.0
0.1468
0.0
0.0
0.0
0.0
0.0
0.0
0.0
0.0634
0.0
0.0314
0.0388
0.0
0.0
0.0
0.0
0.0
0.643
0.0
0.5688
0.2644
0.0182
0.0
0.0368
0.0
0.0
0.0
0.0
0.0
0.0
0.0918
0.0
0.0
0.2398
0.0
0.0
0.0
0.0
0.0
0.0
0.0
0.0314
0.0
0.0932
0.0218
0.0
0.0
0.0
0.0
0.0
0.2216
0.0
0.0
0.0
0.0
0.0
0.0
0.0648
0.4616
0.0
0.0
0.0
0.0
0.0
0.2892
0.2898
0.0
0.5662
0.0
0.0
0.585
0.4368
0.0
0.0
0.0314
0.0
0.0
0.0
0.0
0.0
0.0
0.0
0.3216
0.0314
0.0
0.0
0.0706
0.2346
0.0
0.5764
0.0
0.0
0.0
0.0
0.173
0.0
0.0
0.5458
0.0
0.658
0.0
0.0
0.0
0.2962
0.3558
0.0
0.0634
0.0
0.3014
0.043
0.0068
0.0
0.0314
0.0
0.344
0.0
0.0
0.2028
0.0194
0.0
0.0
0.0086
0.0
0.1492
0.0
0.0
0.0
0.1586
0.0128
0.0
0.0
0.086
0.0
0.0
0.0
0.0
0.4242
0.5766
0.0
0.1306
0.0
0.031
0.2404
0.0622
0.0
0.0
0.6158
0.0
0.0234
0.0
0.0
0.0588
0.0
0.0
0.0
0.0
0.031
0.0
0.0
0.0
0.0308
0.0
0.0
0.0
0.0436
0.1522
0.0
0.0
0.0874
0.2304
0.0982
0.0
0.0
0.0
0.0
0.006
0.0
0.0
0.0
0.0
0.0
0.0578
0.0
0.0
0.0304
0.104
0.0
0.0
0.0
0.0
0.0
0.0
0.0
0.4498
0.031
0.0
0.2224
0.0
0.2724
0.0
0.0
0.0
0.078
0.0
0.0
0.0
0.0
0.1258
0.0
0.0
0.1474
0.0
0.1322
0.2038
0.191
0.0
0.0
0.0
0.588
0.2578
0.0
0.0338
0.1772
0.0368
0.8002
0.0
0.0
0.0
0.0462
0.2388
0.0
0.0
0.0
0.096
0.1084
0.0
0.3142
0.0
0.0
0.0
0.0
0.158
0.0
0.0236
0.0
0.0314
0.0
0.0
0.0302
0.1396
0.0
0.3474
0.0
0.0
0.2116
0.0
0.0
0.0
0.3252
0.0
0.0
0.0
0.0
0.0
0.0642
0.0
0.0
0.5772
0.0
0.0
0.0688
0.0
0.022
0.0
0.0
0.0
0.0
0.019
0.3104
0.0
0.0
0.5
0.0
0.0
0.0
0.0206
0.0
0.283
0.0
0.0
0.0
0.0
0.0
0.0
0.0
0.0
0.0
0.0
0.227
0.3132
0.031
0.1998
0.0
0.0312
0.0
0.0
0.0
0.0
0.0
0.0236
0.0
0.461
0.0
0.0
0.184
0.0
0.0534
0.0
0.0
0.3004
0.0
0.0
0.0
0.1644
0.3138
0.043
0.0
0.2824
0.0
0.0576
0.0
0.0
0.0786
0.0
0.0
0.0
0.0
0.0
0.0
0.0
0.0
0.0
0.0204
0.0
0.0446
0.0
0.0
0.0
0.5654
0.0954
0.0
0.6008
0.0
0.0
0.027
0.3336
0.0312
0.0
0.0
0.0
0.6536
0.0
0.1884
0.0
0.0378
0.0
0.0
0.0
0.0
0.0
0.3582
0.0
0.0
0.5574
0.0
0.0424
0.0772
0.6886
0.6014
0.0
0.0
0.07
0.0
0.133
0.0362
0.0
0.0708
0.0
0.0
0.0264
0.0
0.0
0.0
0.0
0.0812
0.0
0.0
0.0
0.0
0.0
0.0314
0.0
0.063
0.0
0.0
0.1048
0.0
0.0
0.491
0.2538
0.0
0.0
0.0
0.2038
0.0
0.1428
0.0
0.1318
0.0
0.6832
0.0
0.4928
0.0
0.0
0.0
0.4072
0.0
0.0
0.0168
0.0
0.0
0.5454
0.0712
0.0
0.0
0.3656
0.0
0.0
0.2178
0.0112
0.0
0.0
0.0
0.423
0.0
0.2878
0.0
0.0
0.0
0.1104
0.4402
0.0
0.0
0.0
0.0
0.0
0.0
0.0
0.0442
0.0
0.0904
0.0
0.0
0.1
0.774
0.0
0.0
0.0
0.0304
0.0
0.0
0.0
0.0
0.0
0.0
0.0
0.0
0.0
0.0274
0.0
0.0
0.0
0.0
0.0
0.0
0.2516
0.0866
0.0
0.0
0.1988
0.0
0.0232
0.0
0.0
0.0
0.0
0.27
0.0
0.0
0.0
0.02
0.0574
0.0
0.0
0.014
0.0704
0.196
0.5334
0.0
0.046
0.3338
0.0324
0.1496
0.1028
0.2318
0.0
0.0
0.0
0.0
0.0892
0.0
0.0
0.3474
0.424
0.0
0.0
0.0674
0.0
0.0
0.0314
0.0
0.0
0.0
0.0
0.0314
0.0
0.0332
0.0314
0.0106
0.5194
0.0
0.0654
0.0
0.0
0.0
0.0
0.0
0.0
0.0
0.0
0.0
0.0
0.0
0.0
0.0
0.0
0.0
0.0344
0.0
0.0
0.029
0.4694
0.0
0.0
0.033
0.0
0.0556
0.0466
0.2686
0.0
0.0
0.2046
0.0
0.0
0.2688
0.0314
0.4986
0.3666
0.0
0.0
0.0
0.0
0.3426
0.0
0.0604
0.0
0.0
0.0
0.0
0.0372
0.0
0.0
0.3722
0.2382
0.0
0.0
0.0114
0.0
0.1864
0.0
0.0
0.0292
0.0
0.2928
0.0
0.0
0.0
0.0
0.4008
0.8512
0.0
0.0516
0.0
0.0
0.1412
0.282
0.0
0.0
0.3724
0.0
0.0
0.0132
0.0
0.0
0.0
0.0202
0.0
0.0
0.0
0.0
0.722
0.3534
0.1082
0.408
0.2178
0.0
0.0
0.0
0.0
0.0
0.1004
0.0332
0.0
0.0
0.0
0.375
0.0
0.0
0.0
0.0
0.0184
0.0
0.0
0.0
0.7106
0.0712
0.0
0.0532
0.0
0.0482
0.0
0.0
0.5656
0.0
0.0
0.255
0.0
0.0
0.1874
0.7262
0.0
0.0
0.1574
0.0
0.0
0.0
0.0
0.0
0.0
0.0
0.0102
0.0866
0.0
0.2122
0.0
0.0
0.0
0.0
0.3348
0.0
0.0
0.0
0.0
0.0
0.0
0.0
0.2754
0.0
0.0
0.9376
0.0
0.0
0.0288
0.0764
0.0
0.8796
0.5148
0.0
0.6634
0.0
0.0
0.083
0.0
0.0
0.0
0.0
0.0
0.0
0.3076
0.0
0.0
0.0
0.0
0.0
0.0
0.0
0.3142
0.0
0.0
0.4828
0.025
0.0
0.0
0.7226
0.0
0.8566
0.0
0.0
0.0768
0.0
0.0
0.0
0.0
0.011
0.0
0.0
0.0442
0.0
0.17
0.0
0.0
0.0
0.0
0.0344
0.0
0.4814
0.0
0.0
0.087
0.0
0.0
0.0
0.0332
0.0112
0.0
0.0
0.0
0.0
0.0
0.0
0.146
0.0
0.0
0.2074
0.0
0.0
0.0
0.039
0.0
0.348
0.0314
0.0
0.1588
0.0
0.0
0.0416
0.0
0.0
0.0
0.0
0.4054
0.0
0.0636
0.0
0.0
0.0
0.0
0.3732
0.5744
0.0
0.0
0.0
0.2322
0.0
0.1112
0.0
0.0
0.0972
0.0
0.0
0.507
0.0
0.2064
0.0
0.0
0.0
0.0122
0.0
0.2338
0.0
0.0
0.2674
0.0
0.5076
0.0
0.0
0.0
0.0
0.0
0.0
0.0
0.0264
0.0
0.0
0.2112
0.0
0.0
0.3046
0.0
0.2556
0.0
0.038
0.0
0.0
0.0878
0.0
0.0
0.0
0.0228
0.0
0.3576
0.1188
0.0
0.0
0.0194
0.0
0.1446
0.2952
0.0
0.0
0.0
0.0328
0.0
0.0
0.1142
0.0
0.0
0.0
0.0
0.0
0.0314
0.0
0.0378
0.081
0.0
0.0196
0.0
0.0
0.0
0.0
0.0
0.0
0.0
0.0
0.0
0.0
0.0628
0.0
0.0
0.1344
0.0
0.0
0.5594
0.0
0.0
0.0
0.1014
0.0
0.0
0.014
0.0
0.0
0.0
0.019
0.0444
0.0
0.0
0.0
0.0186
0.025
0.2922
0.0
0.0
0.0592
0.0
0.0
0.6346
0.0
0.3348
0.0
0.0
0.0
0.0
0.0
0.0
0.2572
0.0734
0.0128
0.0
0.403
0.0112
0.2418
0.0196
0.8102
0.0
0.0288
0.5188
0.0
0.0
0.0
0.101
0.0
0.5622
0.0
0.0
0.0
0.0
0.0
0.0566
0.0
0.0
0.0
0.3668
0.163
0.0
0.0
0.034
0.0
0.0
0.3314
0.311
0.0
0.0
0.0
0.0
0.0
0.0
0.4246
0.0
0.0
0.0
0.0
0.0
0.0
0.579
0.0848
0.0
0.0
0.0
0.0
0.042
0.0
0.0
0.0
0.0
0.0
0.0018
0.0
0.0
0.513
0.0278
0.0
0.0198
0.0
0.0326
0.0
0.5102
0.0
0.028
0.0
0.0
0.0
0.2316
0.0
0.0706
0.0
0.01
0.0
0.0
0.0
0.0
0.0104
0.0
0.0
0.057
0.1026
0.0
0.2832
0.0184
0.4814
0.201
0.1498
0.0
0.0
0.0
0.0
0.0038
0.0
0.5314
0.211
0.4344
0.0
0.2736
0.0168
0.0236
0.0
0.029
0.0
0.0
0.2202
0.0106
0.0
0.0
0.0
0.4108
0.1698
0.1988
0.0
0.0
0.0
0.0
0.0
0.0166
0.159
0.0
0.2416
0.0
0.0
0.3536
0.3692
0.0
0.0
0.0314
0.0
0.2946
0.0
0.0
0.0
0.0
0.0
0.0
0.0
0.0
0.0314
0.6446
0.0
0.469
0.0
0.027
0.0
0.0
0.0
0.0
0.0
0.0
0.0
0.0
0.0128
0.7576
0.0
0.0
0.0982
0.0
0.0
0.0
0.0
0.0
0.1568
0.0
0.0
0.54
0.0
0.0
0.0
0.0
0.4488
0.0
0.0
0.0
0.1152
0.0304
0.2614
0.0
0.0
0.1082
0.035
0.8664
0.0
0.0
0.0332
0.0
0.256
0.2922
0.0
0.0
0.239
0.545
0.0022
0.2198
0.0
0.0
0.0
0.0
0.044
0.0
0.0646
0.0
0.0
0.385
0.0402
0.447
0.1092
0.2494
0.0
0.1034
0.0
0.0
0.0
0.0
0.0314
0.0986
0.0
0.0
0.0
0.7464
0.0
0.44
0.0
0.0
0.2368
0.0
0.0
0.0
0.0
0.0
0.0
0.0
0.2252
0.5192
0.0
0.0
0.0
0.0
0.2964
0.0
0.4026
0.0
0.1046
0.1432
0.0
0.0
0.233
0.0436
0.0
0.3562
0.0
0.019
0.0
0.2464
0.0
0.0
0.083
0.0
0.0
0.0
0.182
0.3646
0.0
0.0
0.4354
0.0
0.0
0.2302
0.0
0.0
0.0
0.0
0.0
0.0
0.0314
0.0056
0.1208
0.4976
0.3252
0.0
0.0
0.6944
0.0
0.0
0.0
0.0396
0.0
0.3576
0.5006
0.0
0.0
0.0
0.217
0.0
0.2218
0.0
0.0
0.0168
0.3192
0.0
0.0
0.2372
0.0
0.0654
0.0602
0.0
0.0
0.0
0.0
0.0
0.3998
0.0
0.4744
0.472
0.0108
0.0
0.619
0.06
0.0
0.0
0.0
0.0628
0.0
0.0402
0.0544
0.0
0.0
0.1818
0.0202
0.0
0.1048
0.3394
0.0
0.0
0.1774
0.0
0.0216
0.429
0.0
0.032
0.0
0.4064
0.0
0.0
0.4636
0.0
0.1646
0.2804
0.0072
0.0
0.2516
0.0
0.0
0.0314
0.0
0.0468
0.0
0.0
0.0
0.0
0.0
0.0
0.0366
0.0
0.199
0.0
0.0
0.0396
0.0
0.1062
0.0
0.0
0.162
0.0
0.0
0.0
0.2076
0.0
0.0
0.0
0.3624
0.0
0.0
0.0
0.0438
0.0
0.0276
0.217
0.0
0.0
0.0
0.0
0.0
0.0314
0.0262
0.6632
0.6824
0.0314
0.0
0.0
0.2172
0.0
0.0
0.0
0.0
0.5248
0.0
0.0524
0.0
0.0
0.0198
0.0628
0.0
0.4898
0.0
0.0
0.0
0.0
0.0316
0.484
0.0
0.142
0.0
0.0
0.0
0.0
0.2752
0.2472
0.1632
0.1178
0.0442
0.0
0.0
0.124
0.0
0.1684
0.0
0.0
0.0
0.0
0.0
0.0
0.0
0.0
0.0
0.0
0.5848
0.0
0.013
0.0
0.0
0.0
0.0
0.0474
0.0
0.4736
0.0918
0.0
0.0332
0.0
0.0366
0.1606
0.0414
0.0
0.6494
0.0
0.062
0.0
0.0
0.0
0.0778
0.6254
0.3066
0.0556
0.0
0.3476
0.0
0.0
0.0
0.5286
0.0378
0.0
0.0
0.0
0.0
0.5334
0.0
0.075
0.6076
0.5776
0.0
0.033
0.0
0.0
0.0658
0.0104
0.0332
0.3884
0.2732
0.0
0.0
0.0
0.0
0.6934
0.2784
0.2124
0.0
0.0
0.0
0.0
0.0
0.0
0.5958
0.0
0.0
0.0308
0.0
0.223
0.0
0.2954
0.2534
0.1536
0.0086
0.0
0.0
0.0
0.3236
0.0
0.2534
0.0
0.0
0.0842
0.0
0.0332
0.0
0.0
0.0
0.0
0.0794
0.0
0.356
0.077
0.097
0.0
0.0
0.034
0.0
0.0
0.0326
0.0
0.4988
0.0
0.0
0.0
0.0312
0.0
0.0
0.0
0.0
0.0824
0.3646
0.0314
0.0314
0.0
0.0338
0.0878
0.0
0.3946
0.0
0.0188
0.1614
0.0
0.0
0.0
0.4586
0.0
0.0
0.0
0.0
0.0
0.0
0.0
0.0
0.1072
0.1598
0.0
0.0172
0.064
0.0
0.0
0.0
0.0
0.0
0.0
0.0
0.0312
0.0
0.0314
0.0
0.5498
0.0314
0.5352
0.0
0.0
0.0
0.1278
0.0
0.0694
0.0
0.1004
0.3242
0.0
0.0236
0.0
0.0314
0.0
0.0
0.0
0.0
0.0184
0.0
0.4702
0.0
0.0
0.0666
0.0166
0.0
0.1204
0.3596
0.0
0.0
0.0
0.0
0.0
0.0
0.0
0.3732
0.0
0.0
0.0
0.0
0.0
0.0
0.0
0.0
0.0
0.0
0.0
0.071
0.0
0.0
0.0
0.3058
0.0624
0.0
0.0
0.405
0.0418
0.0
0.0
0.0
0.0
0.0
0.0
0.0
0.4094
0.0
0.1626
0.0
0.0
0.0
0.3398
0.0
0.0
0.024
0.0
0.0
0.0
0.0
0.4784
0.0788
0.0
0.0
0.0
0.0
0.148
0.2258
0.0314
0.0674
0.0
0.1178
0.447
0.0
0.0
0.0
0.0
0.0
0.0
0.1124
0.249
0.326
0.259
0.0
0.0
0.0
0.0
0.0
0.0
0.0848
0.0324
0.2638
0.2818
0.0312
0.0
0.0
0.0
0.0528
0.284
0.4402
0.0
0.0
0.0
0.0
0.0916
0.0
0.0
0.0
0.0646
0.0446
0.0
0.6546
0.0
0.77
0.0
0.0
0.0
0.0314
0.0
0.04
0.0162
0.0
0.6194
0.0
0.0
0.0
0.0
0.0
0.0184
0.3226
0.0
0.0264
0.0
0.0
0.0
0.1812
0.0
0.0
0.0
0.0
0.0
0.0
0.0646
0.424
0.0
0.1216
0.0
0.0314
0.0532
0.0624
0.0
0.0596
0.0
0.0
0.1726
0.0552
0.0
0.0
0.0
0.042
0.0
0.0
0.0
0.0544
0.1754
0.0
0.0
0.0256
0.0
0.0314
0.0
0.031
0.0
0.0
0.0
0.165
0.0
0.0
0.0
0.0
0.0
0.095
0.0314
0.0314
0.0
0.0264
0.3658
0.0
0.0
0.0
0.1206
0.0
0.0
0.1114
0.1196
0.0
0.1376
0.0
0.0
0.0
0.0
0.368
0.0
0.0
0.0
0.0902
0.0
0.0
0.3672
0.0908
0.0
0.0
0.0
0.3732
0.0
0.0
0.0582
0.3734
0.3088
0.0
0.0
0.3652
0.0
0.0
0.0
0.0
0.1366
0.0154
0.029
0.833
0.0
0.0676
0.0
0.0
0.0
0.436
0.2154
0.0
0.0
0.1566
0.2608
0.0
0.0
0.5952
0.3482
0.0
0.1198
0.0
0.0
0.0
0.0
0.2412
0.0
0.0
0.3604
0.0
0.0
0.3754
0.0
0.1362
0.0494
0.0
0.0378
0.0314
0.0
0.0
0.0732
0.0
0.0
0.0
0.0
0.0
0.1552
0.0552
0.0106
0.0
0.0
0.0292
0.0
0.3168
0.0
0.2428
0.0
0.0
0.0
0.0
0.0
0.2244
0.0
0.3336
0.0
0.0108
0.3576
0.1
0.0
0.0
0.0
0.0
0.0
0.3482
0.0
0.1748
0.1576
0.0
0.0538
0.0
0.0
0.0
0.0296
0.0
0.0436
0.0
0.0
0.0
0.0
0.0314
0.0
0.0
0.2374
0.04
0.028
0.0
0.0
0.0
0.0
0.0
0.0
0.1758
0.0
0.0
0.0
0.0308
0.0
0.0
0.0314
0.3054
0.0
0.0
0.0
0.0068
0.0
0.0256
0.0
0.0
0.0
0.0
0.0
0.0
0.0
0.0516
0.1026
0.0
0.057
0.08
0.0
0.0
0.0
0.0
0.0
0.0404
0.0
0.0
0.0
0.0
0.321
0.0
0.0226
0.0102
0.0
0.0
0.156
0.0
0.0846
0.0
0.0
0.0
0.0638
0.0
0.0
0.0
0.0
0.0
0.3936
0.0
0.0
0.0
0.0
0.0
0.0
0.5282
0.0
0.0
0.0
0.04
0.0
0.0
0.1378
0.0
0.1402
0.1538
0.0
0.0
0.5012
0.5202
0.0
0.0
0.0
0.1322
0.2862
0.0
0.0
0.0
0.0
0.0
0.563
0.441
0.0
0.0
0.0
0.0
0.0
0.0
0.0
0.0
0.4554
0.0
0.0916
0.433
0.0
0.0
0.0
0.0
0.0
0.0
0.0
0.5312
0.5364
0.0
0.0
0.0
0.5026
0.0
0.0
0.192
0.0
0.0
0.0778
0.1744
0.0
0.0
0.0
0.0
0.0044
0.0
0.0
0.0
0.0
0.0266
0.0646
0.0
0.0
0.0
0.2384
0.1062
0.0
0.0
0.0
0.0
0.0764
0.0
0.0
0.0
0.0
0.0406
0.5956
0.0
0.0
0.031
0.0
0.0
0.0
0.0
0.153
0.0332
0.006
0.073
0.0
0.0
0.0
0.0
0.2412
0.0
0.1686
0.0
0.0
0.0
0.3428
0.0
0.0
0.4198
0.0
0.0
0.0
0.0
0.0
0.0
0.6266
0.2052
0.528
0.658
0.4466
0.0
0.0312
0.536
0.3374
0.0
0.3756
0.0
0.1004
0.0
0.0
0.0082
0.0
0.0
0.0
0.1414
0.0
0.0
0.0378
0.0282
0.0
0.0
0.0
0.0
0.0
0.3762
0.2416
0.0
0.6928
0.0
0.0
0.0
0.0
0.0
0.0
0.0
0.0
0.0
0.0
0.0
0.0
0.685
0.0
0.0
0.0
0.0
0.0502
0.1676
0.0
0.0
0.307
0.0
0.5378
0.0946
0.0
0.2212
0.061
0.0
0.0
0.0
0.0
0.0166
0.0506
0.0
0.0
0.0
0.2966
0.0
0.0
0.0592
0.0
0.0556
0.0332
0.0
0.3034
0.0
0.0
0.0
0.0
0.0
0.0
0.0
0.0
0.0
0.031
0.0314
0.0
0.0
0.2602
0.0
0.0
0.0
0.0
0.0184
0.0
0.0
0.0
0.0
0.0314
0.1328
0.0
0.0
0.033
0.0
0.0
0.3054
0.0
0.0
0.0
0.0
0.0
0.0
0.0126
0.0
0.0314
0.0
0.0
0.0
0.527
0.1454
0.0
0.0
0.0
0.0
0.0
0.371
0.0
0.0
0.4426
0.1746
0.0124
0.0
0.0
0.0
0.0
0.1356
0.0226
0.0164
0.0332
0.0
0.0
0.07
0.0
0.0
0.7842
0.0
0.0
0.0
0.0
0.0
0.2512
0.0
0.0
0.0
0.0
0.0
0.0
0.1212
0.0
0.0274
0.1062
0.1328
0.0
0.298
0.0808
0.0
0.2084
0.0118
0.0
0.0
0.0
0.2684
0.2524
0.0
0.0314
0.0
0.0
0.0396
0.0
0.0
0.4708
0.0
0.0194
0.0
0.3746
0.0
0.0
0.2926
0.0
0.0738
0.0
0.0
0.0712
0.0
0.0
0.5248
0.0
0.0
0.0266
0.0
0.285
0.0
0.0814
0.012
0.0
0.0488
0.0
0.2556
0.0
0.0
0.0
0.0
0.0
0.0968
0.0
0.0
0.0
0.3912
0.0
0.0
0.2174
0.0312
0.0
0.4756
0.0
0.1458
0.0
0.0
0.0
0.0
0.0
0.0
0.0162
0.662
0.0
0.2152
0.0308
0.0
0.0966
0.0314
0.0
0.1966
0.0
0.0
0.0
0.0
0.089
0.5
0.0416
0.0
0.0156
0.0
0.0
0.0
0.0704
0.0
0.0
0.0
0.1316
0.0
0.0
0.0
0.1726
0.7346
0.0
0.0308
0.0
0.2274
0.1514
0.0
0.0
0.0
0.0
0.0
0.0
0.0288
0.6214
0.0
0.0
0.0
0.0326
0.0788
0.3764
0.1896
0.1814
0.0
0.0
0.188
0.0
0.0738
0.0
0.0
0.0
0.0616
0.0362
0.0
0.212
0.0
0.2664
0.1102
0.1466
0.3792
0.143
0.0404
0.0
0.0
0.0
0.0156
0.0
0.0
0.2606
0.0116
0.1676
0.2772
0.0
0.0
0.0
0.1918
0.0
0.3718
0.0556
0.0
0.0
0.0
0.2362
0.0
0.0938
0.0
0.3016
0.0318
0.0322
0.0
0.0
0.129
0.027
0.0
0.0
0.0
0.0
0.0
0.0
0.0
0.428
0.1784
0.0
0.3472
0.0
0.0
0.0
0.0
0.0
0.0
0.061
0.4748
0.0
0.0
0.0
0.1028
0.0
0.0
0.0
0.0
0.0
0.0
0.0
0.0
0.2274
0.0
0.0
0.0654
0.0
0.0
0.0
0.0
0.414
0.0
0.0
0.0
0.0
0.0
0.0314
0.1644
0.0
0.5558
0.228
0.0532
0.0
0.0
0.0
0.2784
0.0
0.0
0.0
0.8008
0.0
0.0
0.0
0.2388
0.0314
0.0
0.0
0.0
0.4454
0.0
0.0
0.0
0.0
0.0
0.2126
0.0982
0.0032
0.0
0.0164
0.0
0.0
0.0
0.0
0.0
0.0496
0.4214
0.0
0.3726
0.0
0.0
0.0
0.0
0.0
0.0
0.0
0.3768
0.173
0.0722
0.0
0.0
0.0
0.0
0.033
0.0
0.0
0.0
0.0
0.0
0.0
0.0
0.0
0.074
0.3052
0.0
0.0318
0.0
0.0
0.0
0.0
0.1794
0.0
0.0
0.0
0.0
0.3868
0.0566
0.4136
0.0
0.0
0.054
0.0
0.0
0.1064
0.0
0.0
0.3936
0.017
0.0
0.0696
0.0
0.4168
0.0
0.5582
0.0
0.0
0.0722
0.0
0.044
0.0
0.0
0.0
0.0
0.0
0.0
0.0
0.0
0.0
0.0
0.0
0.0
0.0
0.0324
0.0
0.0
0.2436
0.3002
0.189
0.0
0.7932
0.0
0.0
0.1024
0.0
0.105
0.29
0.0
0.0
0.0
0.229
0.1718
0.0
0.117
0.0476
0.0
0.0832
0.0
0.3242
0.0
0.0
0.0
0.0
0.0
0.0
0.1968
0.3928
0.0
0.2662
0.0
0.0
0.4712
0.4624
0.0
0.0
0.0
0.0
0.0
0.0914
0.0
0.0006
0.0
0.0
0.0
0.0
0.0
0.0
0.0498
0.0
0.0
0.0
0.0634
0.0
0.0
0.0314
0.0
0.0
0.0
0.2248
0.555
0.0
0.0
0.0
0.0
0.0112
0.0516
0.0
0.0512
0.0
0.0
0.7126
0.3786
0.0
0.4264
0.0928
0.0778
0.0
0.0332
0.0
0.0
0.0388
0.0
0.0
0.0
0.0
0.0
0.0472
0.4044
0.0
0.0
0.0
0.1174
0.0
0.0
0.0
0.0
0.4958
0.0
0.0
0.0
0.0
0.2434
0.3804
0.3222
0.0
0.046
0.0
0.0314
0.0
0.0
0.0314
0.3958
0.0
0.0
0.0
0.0
0.4732
0.662
0.0
0.3018
0.0
0.0
0.0158
0.0
0.0
0.3506
0.1416
0.0
0.1922
0.0
0.0
0.0
0.0628
0.0
0.0
0.0
0.0
0.0
0.0314
0.0
0.0
0.0
0.0
0.016
0.0
0.0
0.0
0.5638
0.0
0.0
0.0
0.0
0.0
0.2682
0.0
0.138
0.0
0.0
0.2568
0.0
0.0
0.0
0.0
0.3178
0.0
0.1188
0.0
0.0
0.027
0.0408
0.0
0.0
0.0
0.0
0.0
0.0
