0.0268
0.592
0.0
0.0
0.6966
0.0318
0.3768
0.1602
0.2616
0.0
0.0098
0.0
0.0
0.0398
0.0196
0.0
0.0
0.4024
0.8556
0.142
0.0
0.5116
0.5288
0.4004
0.159
0.0
0.0
0.0
0.0
0.5734
0.0726
0.2916
0.0696
0.0
0.4338
0.001
0.0
0.6198
0.1176
0.4754
0.3616
0.0412
0.3096
0.0
0.0
0.0
0.5724
0.4444
0.0
0.0
0.7128
0.5482
0.0136
0.5
0.4232
0.3602
0.0
0.0
0.4752
0.0
0.0
0.6438
0.6664
0.7094
0.4078
0.0
0.0
0.0
0.0
0.3838
0.5648
0.0
0.0
0.0
0.0
0.0
0.6308
0.2404
0.0
0.4788
0.0
0.5186
0.0
0.0
0.0
0.3982
0.0
0.0
0.0
0.6686
0.019
0.611
0.0
0.0
0.763
0.0042
0.0
0.659
0.4318
0.2042
0.1594
0.3054
0.2496
0.0
0.0958
0.0
0.0
0.0
0.0
0.0
0.1624
0.1388
0.5822
0.3834
0.0
0.0
0.0
0.0
0.3492
0.5
0.0
0.0074
0.0
0.4184
0.0
0.2054
0.0258
0.0
0.0
0.0766
0.5342
0.0
0.0006
0.0
0.2588
0.3928
0.0
0.2714
0.401
0.0
0.0
0.0
0.0
0.008
0.4698
0.2432
0.0
0.3682
0.009
0.0
0.0
0.0
0.3852
0.0
0.6842
0.2272
0.0968
0.0
0.0
0.0
0.0
0.0
0.7028
0.0
0.1604
0.0
0.1212
0.2252
0.0
0.6356
0.5004
0.0
0.6944
0.5296
0.548
0.0
0.0
0.5886
0.0078
0.9704
0.0
0.2516
0.7888
0.7028
0.6432
0.0
0.0
0.0
0.0122
0.0
0.0
0.1136
0.6214
0.0
0.0
0.0
0.3998
0.1548
0.0
0.0
0.7258
0.8194
0.5654
0.0
0.3118
0.6952
0.0
0.4098
0.5402
0.0
0.556
0.0212
0.0
0.6426
0.0
0.0
0.1744
0.8056
0.5096
0.0
0.2798
0.6758
0.0
0.8632
0.8838
0.0
0.0
0.0
0.0122
0.012
0.0
0.5262
0.077
0.0
0.0
0.4582
0.0
0.0
0.5312
0.1372
0.0
0.5278
0.3432
0.0
0.0
0.0202
0.0
0.3778
0.0
0.0
0.5992
0.0
0.417
0.0
0.0
0.0
0.9212
0.3328
0.1182
0.0
0.0
0.0086
0.4704
0.4522
0.6788
0.1026
0.0
0.1824
0.0
0.7668
0.4318
0.0
0.4132
0.5346
0.5498
0.0
0.6226
0.0
0.648
0.355
0.0
0.5674
0.4216
0.0696
0.0
0.5908
0.4842
0.0386
0.4182
0.038
0.332
0.4594
0.207
0.0
0.077
0.5424
0.0
0.0
0.0
0.0
0.0
0.6552
0.0
0.333
0.0
0.0
0.0
0.0
0.0328
0.6204
0.0
0.3144
0.8176
0.0
0.0102
0.1446
0.0
0.0
0.5228
0.7048
0.0
0.0152
0.4294
0.5302
0.948
0.0
0.0
0.508
0.231
0.0244
0.69
0.0
0.8866
0.4812
0.314
0.3504
0.2736
0.0
0.0
0.5232
0.0
0.0
0.1582
0.3752
0.0098
0.0
0.4818
0.0
0.0
0.1354
0.0
0.0
0.0
0.0
0.3844
0.0
0.0
0.8908
0.0
0.0
0.0242
0.2356
0.0
0.0
0.0164
0.0
0.8672
0.0
0.3292
0.0698
0.5122
0.381
0.0
0.8006
0.1446
0.0
0.5132
0.0348
0.0
0.0
0.0342
0.0022
0.459
0.0154
0.0
0.008
0.5054
0.0
0.8576
0.8254
0.245
0.0
0.0
0.5312
0.0
0.5452
0.0
0.0
0.7028
0.0826
0.0
0.4944
0.0
0.0
0.732
0.5848
0.084
0.6436
0.4052
0.0
0.0
0.782
0.0
0.7008
0.0
0.0
0.0
0.5378
0.0
0.4096
0.2594
0.07
0.0794
0.0
0.0
0.455
0.4578
0.0392
0.1608
0.7788
0.0484
0.7654
0.4858
0.462
0.0088
0.233
0.0
0.0
0.0
0.6446
0.535
0.7412
0.0
0.3612
0.2534
0.0
0.0
0.0
0.0
0.0
0.238
0.234
0.564
0.4312
0.0746
0.0
0.0
0.0
0.0
0.0088
0.0
0.0492
0.6334
0.0
0.0
0.2622
0.5874
0.0
0.4646
0.2848
0.0
0.0
0.5412
0.0
0.2144
0.4124
0.0
0.4296
0.0742
0.4444
0.0776
0.0
0.0796
0.0
0.007
0.0
0.0436
0.448
0.2718
0.049
0.3582
0.0
0.635
0.6956
0.5878
0.6308
0.5
0.6736
0.4666
0.6096
0.0
0.3438
0.0
0.0
0.5902
0.0272
0.0
0.7008
0.0
0.6114
0.179
0.0
0.7854
0.5532
0.0
0.0
0.0
0.0
0.4022
0.0
0.0
0.0
0.5514
0.0
0.3258
0.0
0.0
0.0
0.2444
0.0
0.4684
0.0204
0.0
0.0
0.558
0.0
0.0
0.841
0.0
0.0
0.0
0.7046
0.0
0.0716
0.1642
0.0
0.7922
0.0
0.0232
0.603
0.0
0.0
0.5734
0.0
0.0
0.375
0.0
0.0
0.0
0.4172
0.0
0.3136
0.5702
0.0884
0.547
0.57
0.0
0.0
0.214
0.6722
0.1564
0.829
0.0
0.0
0.0606
0.132
0.8604
0.5116
0.008
0.2944
0.0
0.0
0.0
0.0
0.6284
0.651
0.0
0.2712
0.4266
0.0
0.0
0.9418
0.0
0.0
0.4704
0.0108
0.0676
0.0
0.0
0.1676
0.0
0.0
0.7388
0.0
0.0
0.4532
0.0
0.7838
0.0
0.4488
0.514
0.055
0.0
0.6926
0.8054
0.24
0.7656
0.0
0.5864
0.6726
0.0288
0.6704
0.0
0.3508
0.4738
0.5046
0.1012
0.1908
0.0
0.0
0.0848
0.0436
0.0866
0.834
0.0
0.0
0.3372
0.0
0.3484
0.1736
0.061
0.0
0.1126
0.4604
0.0
0.0
0.0
0.0082
0.0
0.0
0.7194
0.346
0.0
0.0
0.0
0.0
0.4094
0.665
0.1726
0.0
0.0
0.0024
0.1772
0.1828
0.3198
0.0
0.1244
0.0146
0.0
0.0
0.4996
0.6426
0.0
0.0
0.0
0.0
0.1644
0.458
0.0
0.4158
0.0
0.0
0.0
0.512
0.3734
0.0586
0.0122
0.6776
0.371
0.0206
0.0
0.0
0.0
0.0
0.438
0.3164
0.0
0.0
0.0
0.0
0.5898
0.0
0.0
0.3366
0.0
0.0
0.0
0.7314
0.2958
0.0
0.0
0.0
0.745
0.0456
0.0
0.512
0.0482
0.142
0.5276
0.6432
0.0
0.0
0.0728
0.0
0.0
0.0136
0.5532
0.0444
0.0
0.5122
0.0
0.0
0.515
0.0
0.0
0.4674
0.009
0.6838
0.414
0.0
0.0
0.4848
0.0
0.0
0.5298
0.0108
0.0
0.0
0.095
0.7486
0.0
0.0622
0.2684
0.0
0.0
0.4092
0.528
0.365
0.021
0.0
0.0
0.0224
0.7674
0.0462
0.4952
0.641
0.94
0.0
0.0
0.0
0.005
0.0
0.0
0.0
0.0
0.5794
0.5896
0.0
0.792
0.0
0.3698
0.3744
0.522
0.498
0.2106
0.0
0.0
0.538
0.0
0.1832
0.0
0.0
0.0
0.0
0.426
0.003
0.0332
0.8104
0.0
0.46
0.0428
0.0078
0.6808
0.0
0.5028
0.0398
0.0296
0.4022
0.494
0.1576
0.0402
0.0
0.024
0.4418
0.6038
0.0612
0.2094
0.0
0.0
0.0
0.484
0.6292
0.8202
0.746
0.0
0.6032
0.0704
0.0
0.0
0.4688
0.0
0.4176
0.0
0.7042
0.0272
0.0
0.038
0.0508
0.5462
0.0
0.901
0.0154
0.4316
0.0
0.8242
0.3592
0.0
0.0
0.0
0.4376
0.0
0.4874
0.0
0.2264
0.0914
0.446
0.347
0.0262
0.0
0.6338
0.0
0.0106
0.0
0.5204
0.2538
0.8946
0.0
0.0
0.498
0.0394
0.0142
0.75
0.1502
0.0728
0.048
0.0
0.4028
0.7314
0.0
0.0
0.5234
0.5076
0.5522
0.0
0.0
0.476
0.2316
0.4966
0.0
0.0
0.3454
0.0
0.0
0.0948
0.143
0.1912
0.01
0.5138
0.0
0.0442
0.748
0.6666
0.0
0.0192
0.0
0.0
0.5
0.0
0.4178
0.0732
0.0
0.0
0.0
0.3758
0.0
0.0
0.0098
0.008
0.2908
0.101
0.0
0.0112
0.0
0.0
0.0116
0.5492
0.5852
0.0
0.009
0.0
0.0124
0.3958
0.0
0.0
0.513
0.0
0.382
0.0
0.0134
0.0
0.0
0.0
0.0702
0.5548
0.6898
0.4934
0.741
0.3236
0.0
0.3862
0.761
0.0526
0.8298
0.0
0.1726
0.0434
0.1052
0.0
0.5514
0.2212
0.0
0.0998
0.0
0.0
0.4478
0.061
0.519
0.1044
0.8316
0.0062
0.0
0.0
0.5666
0.0
0.6674
0.0
0.0422
0.021
0.0
0.2892
0.0
0.0
0.4256
0.4162
0.5892
0.4962
0.0
0.0228
0.5574
0.0
0.0
0.4024
0.0416
0.2026
0.3622
0.74
0.0
0.0188
0.418
0.0174
0.444
0.0
0.6478
0.0
0.0
0.6884
0.019
0.5086
0.0
0.0
0.05
0.3814
0.0
0.4478
0.6898
0.0
0.0
0.0
0.1214
0.0
0.027
0.9128
0.6298
0.2126
0.4772
0.431
0.79
0.0
0.0
0.6368
0.0482
0.0
0.002
0.0
0.6114
0.0
0.3996
0.248
0.0
0.0
0.4878
0.0
0.0
0.4242
0.3122
0.6572
0.0504
0.044
0.3532
0.4174
0.0
0.0
0.4916
0.0
0.8266
0.0856
0.0
0.5994
0.5912
0.0
0.0168
0.0
0.0
0.7196
0.0
0.0384
0.5494
0.0
0.0
0.0
0.0
0.7858
0.0
0.0
0.0
0.4404
0.0
0.5504
0.0084
0.0128
0.5528
0.0
0.4122
0.9044
0.0
0.0
0.4532
0.0
0.6822
0.0
0.0
0.0
0.0
0.4508
0.1186
0.449
0.0
0.1094
0.0
0.0
0.0
0.0
0.5388
0.0
0.008
0.0
0.0
0.0
0.7842
0.8282
0.0
0.0
0.0
0.0
0.0172
0.0274
0.0
0.0
0.2588
0.501
0.5226
0.5448
0.0
0.4592
0.0
0.3816
0.6264
0.1544
0.3514
0.0
0.5628
0.9194
0.1384
0.322
0.0
0.5686
0.8986
0.0
0.0
0.0124
0.2174
0.0
0.4598
0.0
0.0
0.0
0.2822
0.5502
0.0
0.0
0.9298
0.0
0.0
0.0
0.795
0.0
0.0
0.0
0.0
0.0
0.0
0.0182
0.0
0.0
0.0
0.0
0.1596
0.1186
0.0
0.4358
0.808
0.2628
0.274
0.672
0.516
0.4258
0.0
0.4476
0.0
0.0774
0.0
0.0108
0.0
0.042
0.0894
0.0
0.481
0.478
0.564
0.0
0.0378
0.203
0.0
0.0102
0.3448
0.0
0.0
0.2456
0.658
0.1804
0.0254
0.4348
0.072
0.569
0.399
0.0
0.0
0.5952
0.0
0.108
0.1894
0.0
0.0
0.0
0.0082
0.0
0.5378
0.4874
0.0082
0.0
0.0
0.0
0.0066
0.3556
0.5454
0.0
0.2824
0.0
0.1954
0.0
0.0732
0.0
0.0374
0.8182
0.0
0.6818
0.453
0.411
0.607
0.7834
0.12
0.0
0.0
0.4162
0.0
0.0
0.0
0.5402
0.0
0.6306
0.0
0.6092
0.0
0.0
0.0
0.0
0.2308
0.4158
0.3144
0.0352
0.0
0.0
0.0
0.0
0.7336
0.0
0.0
0.1808
0.0
0.0
0.0
0.2972
0.144
0.0
0.1102
0.0
0.064
0.0
0.0
0.0
0.0682
0.0
0.6126
0.3516
0.0
0.0
0.0264
0.0
0.6038
0.0
0.9228
0.6402
0.5488
0.0
0.0
0.2428
0.0
0.2084
0.3464
0.1896
0.0
0.081
0.2468
0.0
0.0
0.7388
0.8262
0.0242
0.7716
0.0
0.0
0.0
0.5396
0.0
0.0
0.0
0.5922
0.022
0.0
0.3522
0.0108
0.0
0.0
0.0482
0.0246
0.0
0.0194
0.4664
0.0398
0.8592
0.0
0.5528
0.637
0.0
0.5
0.2896
0.0
0.596
0.3678
0.304
0.0
0.5158
0.0466
0.8906
0.5036
0.3712
0.0278
0.0
0.0066
0.0
0.9514
0.0388
0.554
0.0432
0.5446
0.72
0.0
0.0
0.6378
0.392
0.0
0.657
0.6194
0.0
0.7048
0.0
0.0
0.5774
0.0
0.0
0.0
0.0
0.4034
0.5812
0.2064
0.0
0.0
0.0
0.6208
0.6194
0.0038
0.0092
0.3184
0.065
0.0126
0.527
0.639
0.7362
0.559
0.0
0.4834
0.0078
0.0
0.6604
0.5052
0.3774
0.0334
0.0
0.948
0.0
0.0
0.2658
0.5056
0.6734
0.0
0.0
0.4936
0.0
0.0
0.0
0.26
0.5376
0.021
0.0
0.0
0.0084
0.4668
0.0222
0.3188
0.0262
0.0
0.0
0.8254
0.0318
0.0
0.5046
0.3492
0.0
0.0
0.1732
0.4958
0.0
0.0
0.787
0.2598
0.0
0.0
0.7982
0.0786
0.0
0.4032
0.481
0.438
0.6678
0.8002
0.8696
0.128
0.0
0.4374
0.7156
0.0022
0.0518
0.0
0.1222
0.0
0.6062
0.0
0.814
0.0068
0.0
0.0
0.3796
0.0
0.0
0.3696
0.0
0.5424
0.0482
0.4848
0.2788
0.4114
0.478
0.298
0.0
0.4354
0.0
0.6696
0.5924
0.0
0.0
0.5314
0.0
0.4538
0.0
0.0
0.3774
0.0
0.5188
0.7812
0.0934
0.6914
0.619
0.5454
0.685
0.0
0.0
0.1384
0.3978
0.0316
0.0
0.0
0.229
0.1094
0.044
0.5094
0.0
0.0
0.0
0.477
0.022
0.0758
0.0958
0.0
0.0
0.3084
0.0
0.0
0.7746
0.0
0.362
0.512
0.5
0.0
0.7618
0.4352
0.0
0.0
0.0
0.0
0.5348
0.391
0.583
0.0
0.0
0.1138
0.0528
0.1094
0.1794
0.4218
0.087
0.0
0.3476
0.5074
0.642
0.0
0.0
0.773
0.5046
0.388
0.0
0.26
0.0
0.0278
0.0
0.5716
0.0
0.0
0.0
0.3088
0.6436
0.5474
0.0
0.0
0.5034
0.0206
0.0
0.5246
0.454
0.039
0.0
0.374
0.4838
0.0
0.3892
0.3956
0.4134
0.0168
0.0
0.0208
0.0
0.0
0.1916
0.0
0.0086
0.5782
0.34
0.0
0.4164
0.0
0.0
0.7582
0.7208
0.0082
0.4992
0.0
0.0458
0.7786
0.0194
0.6904
0.7336
0.0
0.0
0.5828
0.0
0.487
0.3302
0.0
0.0
0.0528
0.0
0.0
0.0384
0.0
0.1956
0.671
0.0
0.7322
0.0
0.607
0.9032
0.0
0.0
0.2458
0.0
0.0
0.3948
0.0
0.0
0.0
0.1988
0.0356
0.2754
0.7732
0.0
0.1452
0.0
0.621
0.0188
0.4274
0.0
0.3078
0.0394
0.6798
0.3492
0.0
0.9198
0.0
0.0
0.48
0.7184
0.0
0.0
0.3874
0.7458
0.3262
0.4338
0.0
0.1656
0.0
0.0
0.0
0.0134
0.6206
0.0
0.0
0.5432
0.098
0.0272
0.0142
0.0
0.0
0.0
0.0
0.6244
0.0
0.0186
0.028
0.0
0.7746
0.0892
0.0
0.0
0.005
0.0
0.0
0.6258
0.0
0.0432
0.504
0.0
0.0
0.8044
0.3494
0.0
0.009
0.0
0.0
0.0
0.9092
0.0
0.0
0.0
0.0
0.0
0.9502
0.8054
0.6158
0.0
0.0
0.0
0.161
0.839
0.0
0.2848
0.0
0.0084
0.0
0.6634
0.0
0.009
0.0186
0.505
0.2112
0.6076
0.3148
0.1878
0.0
0.0
0.0
0.011
0.9578
0.729
0.0
0.0
0.0
0.625
0.9768
0.7376
0.489
0.0
0.0
0.0456
0.264
0.0
0.412
0.6072
0.0
0.688
0.5
0.5958
0.0
0.0
0.0
0.354
0.4322
0.0
0.0
0.015
0.2672
0.528
0.0
0.0534
0.0
0.0
0.0
0.0348
0.0
0.4382
0.4792
0.564
0.7248
0.0088
0.5984
0.3704
0.0
0.0
0.0
0.6724
0.0
0.459
0.0
0.5066
0.4922
0.0
0.0
0.0
0.0
0.4644
0.0
0.031
0.1086
0.0
0.2708
0.0
0.3352
0.0
0.0
0.0
0.0176
0.3918
0.0
0.0
0.2306
0.0
0.4876
0.4808
0.2592
0.5028
0.0
0.6458
0.8282
0.5862
0.1252
0.4018
0.4926
0.0
0.0
0.8024
0.4084
0.2472
0.7948
0.0
0.1108
0.8366
0.0334
0.8256
0.647
0.8188
0.0388
0.0
0.0
0.0342
0.488
0.0
0.2076
0.5114
0.0
0.4806
0.6364
0.0
0.0
0.3674
0.0
0.0
0.0
0.5108
0.0262
0.0
0.5
0.675
0.6556
0.0
0.0
0.6894
0.0582
0.0
0.3966
0.6276
0.0
0.5114
0.493
0.36
0.0292
0.0
0.0622
0.0
0.2524
0.8192
0.429
0.0674
0.9538
0.0
0.0
0.0
0.0
0.0
0.793
0.4122
0.0236
0.0486
0.0
0.0
0.56
0.0
0.144
0.0
0.5
0.0224
0.3732
0.09
0.0
0.0
0.0488
0.3208
0.0
0.0814
0.8086
0.5364
0.0
0.5512
0.0
0.8376
0.0
0.0
0.4668
0.0
0.0
0.0
0.0
0.6622
0.7916
0.0
0.0
0.0
0.409
0.0
0.824
0.4156
0.0
0.276
0.0
0.009
0.4762
0.0
0.5764
0.0
0.555
0.0
0.6824
0.8344
0.3706
0.0
0.0368
0.0
0.0
0.0
0.0
0.0436
0.4652
0.0
0.4106
0.4222
0.0
0.6082
0.0
0.2786
0.801
0.0338
0.0
0.0
0.057
0.0
0.415
0.918
0.5098
0.0
0.3226
0.0
0.0
0.0
0.0
0.0
0.2326
0.0
0.654
0.0
0.0
0.0078
0.2682
0.2258
0.6968
0.0728
0.0
0.0606
0.0086
0.0
0.0
0.7276
0.0
0.0
0.0
0.0
0.0
0.0
0.0492
0.545
0.0
0.2438
0.7004
0.0
0.0
0.0
0.0072
0.6314
0.0098
0.0
0.0
0.07
0.022
0.0
0.0
0.0
0.511
0.0
0.0
0.0
0.0
0.0
0.0
0.0
0.7708
0.0086
0.0
0.1782
0.0
0.598
0.0
0.3874
0.6254
0.0
0.663
0.0476
0.9018
0.0
0.165
0.7392
0.3864
0.5
0.4184
0.0074
0.0
0.0
0.1216
0.014
0.8126
0.0212
0.0722
0.0
0.4954
0.47
0.7636
0.0
0.5792
0.0422
0.0
0.0
0.5772
0.1506
0.0
0.0088
0.4096
0.0272
0.0
0.0
0.709
0.0
0.3856
0.0272
0.0
0.0756
0.0
0.7552
0.6064
0.0
0.1436
0.0
0.0
0.0114
0.0
0.0
0.5528
0.676
0.3682
0.0
0.0676
0.0
0.0
0.0
0.684
0.0
0.0
0.4998
0.0
0.0
0.0
0.0
0.0206
0.9496
0.1106
0.4788
0.2946
0.0
0.0262
0.196
0.0
0.0608
0.0
0.6308
0.0
0.0
0.0
0.0
0.2536
0.0
0.0
0.207
0.0
0.5382
0.0
0.537
0.5156
0.4652
0.0474
0.5446
0.0
0.4006
0.2536
0.4826
0.5848
0.6724
0.445
0.5582
0.0
0.6218
0.4982
0.3102
0.0
0.0
0.0
0.0
0.0
0.7568
0.4244
0.1038
0.6368
0.0
0.0
0.0296
0.4858
0.4248
0.6738
0.0
0.0442
0.787
0.0
0.1476
0.0
0.4164
0.5662
0.2098
0.7284
0.0
0.0
0.0
0.3514
0.4098
0.0
0.331
0.4886
0.0188
0.0
0.0294
0.0
0.0
0.0
0.0
0.007
0.0
0.0
0.6734
0.0
0.0
0.0
0.0
0.413
0.4448
0.5926
0.6494
0.7468
0.0
0.1724
0.0
0.7518
0.8974
0.0
0.0
0.0
0.0
0.0
0.3482
0.0
0.8312
0.7554
0.0
0.7194
0.6838
0.0
0.0
0.0
0.2188
0.8222
0.0
0.0528
0.1106
0.3806
0.0
0.0
0.6062
0.5252
0.5942
0.0
0.007
0.0
0.0664
0.0
0.801
0.3072
0.5738
0.0
0.3714
0.0
0.4716
0.6212
0.0256
0.0
0.0964
0.128
0.0
0.0
0.0
0.0
0.0
0.0686
0.0
0.0
0.0
0.2548
0.0
0.0
0.0
0.307
0.4794
0.041
0.0
0.0
0.0
0.0
0.0
0.0
0.0
0.1222
0.0
0.259
0.0
0.2772
0.621
0.0
0.5528
0.0
0.6822
0.5644
0.0
0.1514
0.0
0.0
0.0
0.0
0.708
0.0608
0.7124
0.0
0.0
0.0
0.0938
0.0
0.7868
0.0
0.5536
0.3448
0.5574
0.2084
0.0532
0.4216
0.0
0.4378
0.0
0.0
0.0
0.719
0.0998
0.0432
0.0
0.655
0.0
0.5328
0.5002
0.0
0.439
0.0
0.3462
0.0
0.979
0.6324
0.0
0.0
0.3944
0.0126
0.6126
0.8102
0.0
0.6902
0.0
0.0294
0.3826
0.414
0.1964
0.23
0.069
0.264
0.7196
0.3554
0.8736
0.5486
0.0
0.8212
0.5012
0.024
0.0
0.0308
0.4958
0.0
0.0
0.0
0.0
0.764
0.0
0.0602
0.0288
0.0
0.0
0.0
0.5992
0.0
0.0
0.301
0.6208
0.342
0.3284
0.0
0.443
0.0834
0.5534
0.0
0.0
0.5734
0.0
0.0
0.093
0.0
0.0
0.2232
0.0
0.0
0.6016
0.0
0.0
0.1944
0.2752
0.741
0.0738
0.0
0.605
0.2686
0.341
0.0
0.0
0.0
0.0
0.71
0.5078
0.0408
0.0
0.0936
0.0
0.0
0.4018
0.5318
0.3884
0.5556
0.9478
0.0
0.6498
0.468
0.0
0.8998
0.0846
0.0
0.0476
0.5656
0.5412
0.1856
0.0
0.5088
0.5128
0.0
0.0
0.3776
0.4696
0.1076
0.0
0.7736
0.0
0.0
0.0
0.7512
0.0
0.0
0.524
0.0
0.0
0.5646
0.5178
0.0
0.0
0.0
0.0
0.019
0.019
0.5994
0.0
0.6912
0.748
0.0
0.0128
0.0082
0.0
0.9026
0.6714
0.0
0.0
0.0
0.0
0.0488
0.0
0.0
0.0
0.0
0.0
0.0
0.2226
0.0
0.043
0.0
0.729
0.2054
0.3244
0.0306
0.0568
0.5762
0.259
0.175
0.0
0.8328
0.049
0.0
0.0
0.1928
0.0
0.0
0.0704
0.48
0.0292
0.0
0.6768
0.0748
0.0344
0.3144
0.3364
0.0
0.019
0.0
0.4596
0.0
0.5432
0.0
0.0
0.0
0.0
0.319
0.0088
0.0
0.579
0.3804
0.0
0.0
0.0
0.0
0.4672
0.0
0.2722
0.0
0.0
0.7162
0.0
0.7982
0.401
0.9008
0.3884
0.0
0.615
0.7252
0.0
0.0148
0.0106
0.7356
0.0
0.0384
0.0162
0.204
0.0
0.0
0.0434
0.5814
0.0484
0.6146
0.0
0.0
0.7356
0.0
0.5254
0.272
0.0
0.0
0.8058
0.5764
0.0
0.0934
0.6998
0.0
0.0
0.3776
0.5036
0.8972
0.632
0.2012
0.103
0.0
0.5432
0.0116
0.0
0.6326
0.8562
0.0352
0.0
0.4352
0.0
0.0182
0.0
0.0
0.0
0.0
0.0
0.1702
0.0
0.0
0.1944
0.0
0.3936
0.0
0.0
0.0
0.0
0.8442
0.0018
0.189
0.0
0.0
0.7058
0.0
0.4404
0.0
0.0812
0.0308
0.6478
0.0
0.0
0.0
0.6052
0.4022
0.3696
0.3086
0.8924
0.0
0.0
0.3814
0.601
0.0
0.0
0.6418
0.0268
0.0
0.1044
0.7428
0.5096
0.6962
0.0
0.999
0.0
0.2338
0.0
0.0
0.5658
0.9138
0.0206
0.0
0.7722
0.0
0.982
0.5568
0.4546
0.0
0.0
0.0
0.0388
0.6248
0.0
0.0
0.0
0.8178
0.0
0.0
0.0
0.5434
0.5572
0.0
0.0
0.0
0.4088
0.789
0.6622
0.8594
0.031
0.2406
0.7132
0.2162
0.0
0.0
0.0
0.5366
0.0
0.0
0.4446
0.8404
0.1466
0.0074
0.0
0.0
0.0
0.0
0.0
0.4216
0.0
0.6734
0.0
0.0
0.5744
0.0
0.0
0.7468
0.0916
0.622
0.0
0.0
0.0
0.567
0.0
0.2972
0.2098
0.0658
0.0
0.3738
0.5006
0.3126
0.0
0.0
0.0
0.7036
0.0
0.031
0.5318
0.5374
0.0
0.7966
0.0078
0.4
0.0
0.0
0.7092
0.2452
0.0
0.2886
0.405
0.1662
0.0
0.4312
0.0
0.556
0.0
0.8768
0.0
0.6294
0.0144
0.0
0.0
0.0
0.8086
0.1904
0.0
0.0
0.0
0.0
0.0
0.0
0.0412
0.0
0.0226
0.0112
0.8606
0.0156
0.0
0.0
0.0
0.3382
0.0
0.6406
0.5
0.0
0.0
0.0144
0.6962
0.0
0.0
0.0
0.0
0.0
0.605
0.287
0.0
0.6226
0.0164
0.106
0.0
0.0528
0.655
0.4056
0.3528
0.7222
0.0178
0.2392
0.0942
0.5042
0.718
0.5878
0.0266
0.8252
0.0
0.0
0.019
0.4614
0.0
0.0
0.0
0.5216
0.5032
0.0
0.0
0.0238
0.2742
0.0
0.0
0.6176
0.0
0.0
0.0
0.9562
0.473
0.0
0.0
0.0
0.0
0.0
0.0514
0.54
0.0
0.677
0.0
0.0
0.5752
0.0
0.0
0.5198
0.0
0.0
0.0
0.0
0.1414
0.6858
0.0
0.161
0.0
0.0
0.0
0.4554
0.6916
0.0
0.013
0.0
0.048
0.071
0.0
0.7834
0.0716
0.5116
0.0102
0.7148
0.419
0.0
0.7694
0.0
0.5908
0.0
0.6594
0.2334
0.0
0.3034
0.009
0.0
0.7206
0.0
0.3698
0.214
0.5172
0.1904
0.1268
0.4856
0.3212
0.0
0.5988
0.0532
0.7928
0.0
0.0
0.0
0.8096
0.0
0.3022
0.5548
0.5982
0.225
0.0
0.0
0.0
0.0774
0.0
0.0
0.0
0.065
0.0
0.4476
0.0
0.0
0.8024
0.2446
0.4538
0.0
0.007
0.0
0.8102
0.216
0.0334
0.474
0.7156
0.204
0.0
0.2066
0.0
0.0
0.048
0.5962
0.0082
0.569
0.0
0.5382
0.0
0.665
0.0
0.0
0.0
0.4954
0.0
0.1096
0.0
0.7486
0.7152
0.4894
0.6286
0.3374
0.0918
0.0758
0.0
0.8138
0.2298
0.16
0.0
0.0
0.0732
0.008
0.0
0.0
0.6878
0.0
0.2516
0.0
0.1108
0.0
0.0
0.447
0.0
0.6492
0.0
0.0716
0.4752
0.0
0.2846
0.0
0.0
0.0866
0.7094
0.0
0.5318
0.2466
0.0
0.031
0.5808
0.648
0.2102
0.0
0.0
0.0136
0.4492
0.0
0.0
0.0
0.0064
0.0
0.6238
0.0
0.378
0.3306
0.0
0.0402
0.09
0.0
0.0
0.5
0.0208
0.0
0.5624
0.4522
0.0138
0.4974
0.8308
0.0
0.0
0.2844
0.0
0.294
0.1944
0.5402
0.0
0.3316
0.4312
0.0
0.0
0.0
0.6394
0.0
0.8314
0.6268
0.0
0.0
0.0
0.2344
0.0
0.0
0.028
0.0
0.6884
0.4534
0.0
0.0
0.2022
0.665
0.5926
0.0
0.3812
0.7288
0.0
0.2106
0.0
0.0
0.857
0.0
0.0462
0.798
0.0
0.0
0.7092
0.0316
0.0
0.0
0.0
0.0
0.0482
0.0
0.4552
0.0488
0.0
0.526
0.0614
0.0156
0.0
0.0
0.584
0.7424
0.8736
0.0
0.4394
0.0
0.47
0.0
0.496
0.739
0.0094
0.3824
0.0
0.4818
0.0
0.0282
0.0
0.1562
0.7578
0.0476
0.4032
0.8226
0.435
0.4422
0.6836
0.0192
0.0
0.452
0.5786
0.279
0.0242
0.2076
0.2752
0.012
0.0
0.2474
0.0
0.0
0.0598
0.9164
0.6826
0.0
0.0
0.501
0.0
0.7992
0.0634
0.0
0.0
0.0
0.6448
0.4082
0.0694
0.0
0.352
0.0
0.4012
0.256
0.185
0.6866
0.7536
0.0
0.6152
0.0
0.069
0.0
0.6088
0.0
0.0
0.019
0.0708
0.0116
0.6928
0.0158
0.0
0.0
0.8654
0.0
0.0
0.2226
0.0076
0.6346
0.0594
0.382
0.5542
0.3548
0.0
0.6224
0.0
0.7158
0.0124
0.5406
0.4234
0.651
0.2986
0.3632
0.4842
0.0
0.839
0.9044
0.3916
0.7526
0.0
0.3556
0.031
0.5612
0.0
0.0
0.6514
0.9134
0.0
0.0
0.0
0.0
0.0478
0.0354
0.0174
0.0
0.0
0.6308
0.0
0.1096
0.0
0.3226
0.0
0.034
0.271
0.7398
0.0
0.5914
0.792
0.0
0.0112
0.3334
0.022
0.502
0.3128
0.6256
0.0
0.0
0.42
0.0302
0.715
0.2568
0.0
0.0
0.0
0.0704
0.0212
0.2604
0.5286
0.0
0.014
0.0204
0.0
0.0448
0.534
0.0
0.4812
0.0
0.0
0.568
0.2432
0.0
0.4572
0.4246
0.0
0.01
0.0
0.5754
0.0
0.0666
0.0
0.0
0.0208
0.0398
0.849
0.5862
0.0
0.0
0.0
0.3454
0.0
0.0644
0.0
0.5184
0.0506
0.5976
0.0
0.675
0.0
0.5436
0.7858
0.4266
0.5
0.0
0.4924
0.5022
0.6112
0.0
0.0
0.0
0.7442
0.0504
0.4622
0.0
0.0
0.2578
0.2086
0.0
0.0
0.7836
0.1266
0.0
0.0
0.7542
0.6602
0.0
0.475
0.4256
0.0
0.4132
0.1442
0.2804
0.9866
0.0
0.0
0.0528
0.0
0.4114
0.426
0.7596
0.0
0.1274
0.208
0.0
0.1788
0.714
0.3436
0.8608
0.0
0.2714
0.0
0.346
0.0306
0.0
0.0472
0.0
0.0
0.0
0.5896
0.7
0.0
0.0
0.5296
0.0
0.5068
0.0
0.0
0.2144
0.0
0.5788
0.7552
0.5294
0.9546
0.0354
0.5744
0.507
0.3512
0.0
0.4916
0.0
0.0
0.6718
0.0
0.0
0.0
0.0
0.0
0.0
0.0
0.0
0.3768
0.625
0.9218
0.0
0.0
0.0
0.0
0.0
0.0
0.0
0.0
0.0
0.7108
0.5534
0.7508
0.0
0.0242
0.5796
0.0
0.0126
0.0
0.0726
0.4698
0.0
0.0
0.6496
0.4788
0.5664
0.0
0.0
0.0
0.3548
0.0
0.16
0.1326
0.8702
0.0
0.0
0.0312
0.0
0.599
0.3824
0.0
0.0
0.0
0.0272
0.0
0.0
0.0
0.6836
0.0238
0.3178
0.437
0.4366
0.5004
0.5568
0.816
0.4216
0.0632
0.0
0.0
0.8446
0.69
0.537
0.0
0.0
0.5696
0.4162
0.2062
0.0
0.0
0.6468
0.0
0.0
0.43
0.4682
0.0
0.4872
0.0
0.046
0.0
0.0
0.4138
0.0
0.0
0.0
0.0
0.6222
0.0106
0.047
0.0
0.0324
0.4938
0.0
0.0552
0.0
0.0126
0.0066
0.0136
0.7456
0.0
0.0
0.0
0.6124
0.0596
0.0
0.5078
0.0
0.2478
0.5746
0.5894
0.0
0.0
0.559
0.4162
0.0
0.0
0.0172
0.0
0.542
0.0
0.0
0.131
0.0
0.4738
0.0
0.5476
0.0
0.0606
0.0
0.0
0.0
0.0
0.0
0.0
0.0
0.265
0.41
0.0
0.2168
0.6294
0.0
0.0
0.0
0.6624
0.3666
0.4286
0.6368
0.0
0.0
0.0
0.0
0.0
0.0
0.7036
0.02
0.0
0.3734
0.2332
0.3852
0.0
0.0
0.0
0.0
0.0
0.5024
0.0358
0.0
0.0
0.0
0.5
0.0
0.0
0.0
0.5142
0.5508
0.0
0.0
0.7278
0.0
0.0
0.7204
0.2558
0.7476
0.0
0.7546
0.2062
0.0
0.726
0.0226
0.677
0.0
0.0
0.0
0.5448
0.0
0.5508
0.0
0.0
0.0
0.373
0.67
0.0
0.0
0.1948
0.9044
0.0
0.0
0.0482
0.129
0.0
0.0
0.0
0.0
0.1424
0.7228
0.0
0.3634
0.0
0.0
0.0378
0.0
0.0
0.0
0.6548
0.0
0.0
0.7054
0.0
0.7558
0.0
0.8006
0.0
0.0
0.4616
0.0
0.019
0.2082
0.0
0.0
0.4696
0.0
0.5362
0.0
0.0
0.0
0.0
0.0
0.8962
0.3744
0.7422
0.5262
0.7754
0.2168
0.6676
0.0
0.2974
0.0
0.0
0.0
0.3334
0.05
0.0
0.1864
0.0212
0.0
0.0
0.0
0.4746
0.0
0.0
0.7076
0.7886
0.1936
0.0
0.0362
0.128
0.484
0.1334
0.6044
0.0
0.682
0.4962
0.0
0.1182
0.0
0.0
0.1216
0.0
0.3514
0.806
0.6702
0.4904
0.7428
0.3856
0.0
0.275
0.7048
0.0
0.7954
0.0
0.0
0.0422
0.4324
0.525
0.6964
0.0
0.0
0.278
0.0
0.0
0.0
0.0
0.0
0.82
0.5942
0.0
0.0
0.0
0.0
0.0162
0.6844
0.7344
0.4578
0.014
0.0408
0.0776
0.0
0.5156
0.3508
0.0
0.5646
0.0
0.53
0.0
0.0
0.0
0.0
0.5044
0.0
0.0
0.5
0.3062
0.0
0.7594
0.2976
0.0
0.363
0.0276
0.9502
0.489
0.5354
0.0
0.0
0.1446
0.0
0.0
0.859
0.0116
0.019
0.2974
0.6698
0.4872
0.0
0.6452
0.062
0.0
0.4602
0.0
0.3886
0.0
0.0
0.0162
0.0
0.1718
0.3196
0.0
0.0
0.2636
0.0
0.4366
0.0
0.0
0.0
0.6126
0.1416
0.0
0.4258
0.6364
0.3672
0.2422
0.194
0.5262
0.0
0.1278
0.0
0.2204
0.1484
0.0
0.0
0.0
0.5268
0.0
0.6658
0.1288
0.8412
0.036
0.0
0.6988
0.312
0.0
0.5
0.046
0.3746
0.0
0.05
0.2098
0.4638
0.0
0.5492
0.0
0.4344
0.4348
0.0
0.0
0.0
0.3882
0.0374
0.5442
0.0
0.0
0.0934
0.0128
0.178
0.0
0.3264
0.0726
0.0124
0.6598
0.816
0.037
0.5168
0.0722
0.0
0.5402
0.1104
0.5508
0.3036
0.0
0.2012
0.453
0.019
0.6138
0.5
0.4736
0.0
0.4078
0.0
0.633
0.0
0.5
0.0
0.0492
0.6746
0.0
0.7154
0.8566
0.0404
0.2368
0.0
0.4608
0.72
0.1236
0.437
0.5858
0.0
0.0
0.43
0.4398
0.45
0.0
0.0
0.0
0.0
0.0214
0.1218
0.5484
0.5348
0.3594
0.0
0.0
0.0
0.097
0.445
0.0
0.0
0.7858
0.0
0.0
0.2582
0.1202
0.4994
0.573
0.2392
0.4566
0.0
0.4316
0.52
0.0352
0.0
0.0
0.0
0.0
0.0
0.6288
0.3606
0.0
0.0
0.2742
0.0104
0.0
0.0
0.023
0.0
0.7292
0.0
0.4544
0.0
0.8326
0.0766
0.0872
0.18
0.0
0.4028
0.0
0.3612
0.2174
0.0
0.0
0.6122
0.4206
0.438
0.0
0.0
0.0
0.6514
0.0
0.0
0.401
0.0
0.0
0.083
0.0
0.0
0.3314
0.9054
0.0
0.1386
0.0
0.0
0.6816
0.0
0.0
0.28
0.0734
0.2086
0.0
0.0
0.0
0.0
0.0
0.0
0.0
0.165
0.0
0.353
0.0702
0.0
0.0082
0.5718
0.2896
0.3896
0.0
0.2556
0.6388
0.092
0.0
0.0
0.4204
0.3934
0.5882
0.4854
0.5628
0.8114
0.0
0.6094
0.7976
0.0104
0.2586
0.0
0.6158
0.5782
0.0
0.0
0.2494
0.0
0.542
0.0
0.0
0.0
0.611
0.0936
0.0
0.0
0.0236
0.5304
0.0084
0.0568
0.0482
0.0
0.0
0.521
0.675
0.6026
0.0
0.0
0.7268
0.3402
0.179
0.0
0.2086
0.657
0.3062
0.098
0.3524
0.0
0.0
0.0
0.0
0.5294
0.0
0.0
0.553
0.3742
0.6728
0.0
0.7232
0.0
0.3274
0.2624
0.7398
0.0
0.0
0.0
0.4372
0.0
0.0
0.6648
0.0576
0.0
0.712
0.0
0.5968
0.489
0.0
0.8246
0.0
0.0
0.2756
0.4788
0.385
0.0
0.0
0.8024
0.0
0.0
0.247
0.7854
0.5586
0.3876
0.7622
0.2588
0.0
0.8082
0.6712
0.3372
0.0
0.0
0.0556
0.0
0.857
0.0
0.3234
0.0732
0.0
0.0
0.0
0.2978
0.0
0.5784
0.0
0.0
0.0
0.5808
0.538
0.1134
0.0
0.437
0.0
0.1006
0.0
0.517
0.0424
0.5202
0.6858
0.0
0.0
0.0242
0.0
0.1272
0.7472
0.0
0.3482
0.0
0.0
0.0588
0.0246
0.0
0.0
0.0194
0.7846
0.0504
0.0
0.0
0.2414
0.0
0.0
0.0
0.0
0.0
0.0
0.3714
0.3348
0.0
0.4998
0.0
0.0
0.0
0.0148
0.0
0.5834
0.32
0.6366
0.056
0.0178
0.761
0.0
0.3842
0.0248
0.067
0.0
0.4836
0.0
0.3864
0.5364
0.79
0.0852
0.3102
0.6784
0.7376
0.1066
0.607
0.0
0.0
0.0
0.0
0.0
0.0
0.0
0.759
0.0
0.0
0.3206
0.0
0.553
0.0
0.4722
0.0
0.0
0.0
0.045
0.3308
0.6748
0.0142
0.4518
0.048
0.7276
0.0
0.3826
0.6564
0.8042
0.0
0.2822
0.0
0.0
0.0
0.0
0.0
0.256
0.0
0.1522
0.0
0.4018
0.0
0.1592
0.0
0.0
0.0
0.0
0.6274
0.0
0.0
0.0
0.0
0.0
0.402
0.0
0.04
0.1742
0.0
0.0
0.5084
0.1004
0.0
0.6816
0.4264
0.0
0.0
0.0
0.4792
0.0
0.6902
0.0
0.0
0.0
0.1682
0.526
0.0
0.795
0.571
0.0
0.0732
0.6186
0.7914
0.0
0.0974
0.0
0.7242
0.4494
0.0
0.0
0.3508
0.0
0.6564
0.0
0.4284
0.0
0.0
0.6992
0.6014
0.6604
0.0084
0.523
0.0
0.0432
0.2974
0.7974
0.0
0.2006
0.1378
0.0
0.572
0.0
0.4172
0.0
0.0
0.0664
0.474
0.6146
0.0
0.046
0.0
0.015
0.8466
0.0
0.6286
0.4078
0.0
0.955
0.027
0.5394
0.6556
0.2852
0.0
0.0
0.3936
0.2094
0.6838
0.8418
0.0
0.2782
0.6296
0.2792
0.0
0.2376
0.0
0.0
0.496
0.0
0.0
0.0692
0.4586
0.578
0.3458
0.152
0.0
0.0
0.8112
0.523
0.0
0.0
0.364
0.0
0.5382
0.0
0.7714
0.044
0.0862
0.4576
0.0
0.7916
0.0
0.5684
0.0
0.0
0.0932
0.0
0.7268
0.0
0.0232
0.5442
0.4826
0.0
0.0
0.0516
0.515
0.0
0.0
0.0
0.04
0.7402
0.0
0.0
0.0
0.0198
0.0
0.0732
0.2954
0.0
0.2838
0.0386
0.0
0.0
0.0
0.5522
0.0
0.0282
0.0
0.5022
0.0278
0.0294
0.0
0.0
0.0
0.3428
0.588
0.0
0.1118
0.1974
0.0
0.0
0.0
0.4952
0.007
0.9134
0.0
0.0
0.2716
0.0
0.0226
0.0
0.0608
0.124
0.6816
0.7612
0.0
0.0
0.6358
0.0274
0.3618
0.0296
0.0
0.0264
0.0
0.7604
0.4542
0.0
0.0
0.0
0.0
0.0
0.5136
0.0
0.0
0.2392
0.0
0.0
0.0
0.4132
0.0194
0.0
0.0
0.0212
0.0
0.0188
0.3028
0.0
0.3742
0.0
0.6118
0.6708
0.2254
0.0
0.031
0.6754
0.4388
0.0
0.512
0.1144
0.0
0.0
0.6716
0.0
0.0
0.7234
0.414
0.0
0.0
0.0616
0.3568
0.0
0.6474
0.0
0.0
0.0
0.019
0.0
0.0
0.0
0.5972
0.0
0.0
0.0948
0.5614
0.0
0.7666
0.0
0.4862
0.4808
0.0
0.4666
0.021
0.0196
0.4884
0.0
0.0
0.0
0.4368
0.0
0.1766
0.0
0.0
0.6646
0.5846
0.0
0.5038
0.0
0.0
0.3302
0.2974
0.5536
0.0
0.0
0.541
0.5646
0.5296
0.0
0.0
0.0
0.2924
0.0
0.0168
0.0
0.6196
0.0
0.482
0.2438
0.0
0.0
0.3612
0.0
0.7026
0.4546
0.0
0.0
0.0
0.0334
0.7246
0.0
0.007
0.0134
0.0
0.5554
0.1554
0.311
0.0
0.0
0.0
0.6352
0.4056
0.0
0.5746
0.0
0.3382
0.6902
0.0
0.0
0.0
0.2966
0.1956
0.0
0.131
0.5886
0.0636
0.0
0.0
0.0
0.0132
0.0
0.4576
0.5694
0.4304
0.3246
0.0
0.6354
0.8204
0.0
0.3188
0.0
0.0
0.0
0.38
0.0
0.0
0.5718
0.0
0.0
0.7868
0.6862
0.0
0.4208
0.0
0.2694
0.544
0.0044
0.6684
0.017
0.1056
0.0
0.0
0.0714
0.678
0.4536
0.0
0.6216
0.6572
0.5634
0.5216
0.0
0.0
0.0
0.0108
0.0
0.0
0.8166
0.7182
0.0
0.0
0.0
0.0
0.0
0.1842
0.0
0.0
0.6824
0.0
0.8894
0.0
0.7808
0.0146
0.439
0.0
0.0
0.0
0.4558
0.0334
0.0
0.0
0.0
0.292
0.3236
0.0
0.0
0.311
0.0
0.084
0.8884
0.0158
0.0
0.0
0.0
0.7686
0.0
0.033
0.6892
0.0
0.6896
0.0
0.049
0.0
0.0
0.0
0.0
0.0
0.0
0.784
0.0
0.0376
0.0
0.0
0.3866
0.0
0.8768
0.0184
0.4982
0.2694
0.0
0.6896
0.5796
0.3636
0.0
0.6322
0.0
0.0696
0.0
0.7608
0.0
0.0
0.0
0.4672
0.0
0.0
0.2948
0.0
0.0
0.0
0.5604
0.088
0.0
0.4578
0.0788
0.68
0.0
0.0
0.0
0.0
0.037
0.5488
0.0072
0.6358
0.2724
0.0
0.0
0.0
0.6838
0.3814
0.0
0.6936
0.0
0.7534
0.044
0.0
0.0828
0.1076
0.3042
0.3184
0.0
0.8254
0.0352
0.0
0.361
0.0
0.132
0.447
0.0344
0.7346
0.0
0.0
0.0
0.0
0.4354
0.4962
0.3326
0.0
0.3392
0.0
0.0
0.0
0.0
0.0
0.0
0.3184
0.0
0.2504
0.0
0.594
0.5192
0.0
0.0
0.0
0.0
0.8018
0.0
0.4218
0.4868
0.0
0.0
0.2548
0.1266
0.0
0.0
0.0
0.0608
0.385
0.4396
0.5682
0.4466
0.689
0.0
0.0856
0.5632
0.0626
0.3548
0.0
0.7724
0.0132
0.2008
0.2618
0.0
0.5328
0.7046
0.0
0.6156
0.2996
0.7246
0.4988
0.6004
0.5444
0.4896
0.5962
0.841
0.6196
0.0
0.0
0.367
0.3618
0.0
0.0
0.0
0.0
0.0408
0.6192
0.0
0.4782
0.0
0.4874
0.0
0.0
0.0
0.3966
0.3878
0.0118
0.0
0.259
0.0
0.6802
0.0
0.4866
0.0
0.0
0.6162
0.0
0.403
0.0
0.384
0.3826
0.6686
0.0
0.636
0.194
0.8536
0.0
0.0
0.9788
0.318
0.3716
0.107
0.4694
0.2312
0.049
0.0
0.0
0.058
0.3442
0.0
0.0
0.0
0.878
0.0
0.448
0.7002
0.0
0.4132
0.0188
0.0334
0.0
0.258
0.0
0.0292
0.0
0.0
0.6982
0.5018
0.0
0.3108
0.604
0.0
0.0
0.0
0.055
0.6228
0.0
0.2566
0.3736
0.3336
0.3996
0.2844
0.477
0.0234
0.7806
0.0
0.0242
0.0
0.0
0.2156
0.6612
0.0
0.0
0.2328
0.6664
0.1646
0.0548
0.0
0.8068
0.2592
0.0
0.0
0.7482
0.0
0.0
0.2132
0.7448
0.0
0.9266
0.0
0.0
0.0304
0.0
0.0574
0.4206
0.5912
0.0
0.0
0.5644
0.0
0.6504
0.3172
0.179
0.064
0.1838
0.0112
0.5134
0.0212
0.3244
0.0
0.6166
0.031
0.6392
0.0
0.1838
0.0
0.6288
0.375
0.053
0.0
0.0
0.6438
0.6438
0.692
0.0
0.0
0.4172
0.0
0.0
0.4126
0.8108
0.0
0.0
0.2872
0.0
0.0
0.0
0.036
0.3356
0.0
0.0594
0.0274
0.0
0.5648
0.5594
0.7822
0.0
0.0
0.0
0.7072
0.0446
0.7018
0.0
0.6222
0.0
0.8256
0.065
0.0
0.0
0.6414
0.0
0.8366
0.0
0.0
0.0
0.6282
0.0
0.1702
0.0
0.3612
0.0
0.4586
0.8304
0.4312
0.0
0.0
0.0
0.0072
0.4958
0.5492
0.0704
0.668
0.497
0.0
0.501
0.0
0.0092
0.0
0.0
0.7106
0.3094
0.5996
0.1426
0.6022
0.072
0.0
0.0384
0.3882
0.0082
0.3194
0.0
0.149
0.3476
0.0
0.0152
0.6864
0.0
0.0
0.4144
0.0
0.0
0.5056
0.0
0.0
0.0
0.0126
0.7942
0.509
0.6302
0.1852
0.0
0.0
0.0
0.7456
0.0584
0.0
0.2302
0.0
0.0
0.0
0.664
0.0
0.0
0.4978
0.1516
0.0
0.829
0.0
0.5632
0.03
0.0214
0.5362
0.0
0.0
0.1448
0.0168
0.5828
0.0266
0.2566
0.9256
0.5076
0.0344
0.0
0.1754
0.0
0.0
0.6484
0.0
0.0
0.0
0.0
0.0
0.0
0.4348
0.0
0.9554
0.0
0.7724
0.008
0.3128
0.5764
0.0
0.0
0.5674
0.2224
0.7254
0.0
0.5076
0.0
0.2042
0.413
0.0
0.2742
0.4284
0.0
0.0
0.0368
0.0
0.0
0.0
0.8328
0.0568
0.5572
0.4074
0.0
0.0
0.0
0.117
0.6454
0.0
0.0
0.208
0.375
0.0
0.1974
0.0482
0.0
0.3332
0.0612
0.7088
0.0
0.4606
0.0166
0.1834
0.0
0.0
0.0
0.0
0.1898
0.0
0.0
0.5794
0.0
0.0
0.0
0.028
0.6206
0.0
0.0
0.085
0.008
0.0
0.0
0.0
0.0
0.9476
0.0
0.129
0.3366
0.2412
0.0
0.5
0.0
0.0
0.0
0.4788
0.0
0.0
0.063
0.8924
0.0
0.0
0.6248
0.0
0.0418
0.0
0.0
0.5904
0.0
0.6574
0.3524
0.4358
0.5192
0.665
0.0
0.0332
0.375
0.0
0.0378
0.0
0.0
0.456
0.7868
0.0536
0.7798
0.0872
0.4428
0.0
0.0
0.6482
0.0
0.4618
0.0
0.6488
0.0
0.0
0.0
0.634
0.5502
0.0182
0.0
0.2352
0.0
0.0
0.0256
0.0
