HMMER3/f [3.3 | Nov 2019]
NAME  Exo_endo_phos_2
ACC   PF14529.12
DESC  Endonuclease-reverse transcriptase 
LENG  117
ALPH  amino
RF    no
MM    no
CONS  yes
CS    no
MAP   yes
DATE  Wed Sep 25 22:12:59 2024
NSEQ  65
EFFN  4.542542
CKSUM 660751447
GA    27.4 27.4;
TC    27.4 27.4;
NC    27.3 27.3;
BM    hmmbuild HMM.ann SEED.ann
SM    hmmsearch -Z 81514348 -E 1000 --cpu 4 HMM pfamseq
STATS LOCAL MSV       -9.6303  0.71401
STATS LOCAL VITERBI  -10.8999  0.71401
STATS LOCAL FORWARD   -4.4537  0.71401
HMM          A        C        D        E        F        G        H        I        K        L        M        N        P        Q        R        S        T        V        W        Y   
            m->m     m->i     m->d     i->m     i->i     d->m     d->d
  COMPO   2.68013  4.26932  2.70029  2.74536  3.37394  3.09636  3.31431  2.75988  2.81523  2.41382  3.84562  2.85736  3.34635  3.12938  3.00867  2.50619  2.72559  2.80695  4.27583  3.53802
          2.68618  4.42225  2.77519  2.73123  3.46354  2.40513  3.72494  3.29354  2.67741  2.69355  4.24690  2.90347  2.73739  3.18146  2.89801  2.37887  2.77519  2.98518  4.58477  3.61503
          0.00771  5.26499  5.98733  0.61958  0.77255  0.00000        *
      1   3.05117  4.42521  5.01856  4.40302  2.66736  3.65093  4.55478  1.56751  4.18712  1.70137  2.93261  4.38477  4.58447  4.31733  4.19390  3.53267  2.56438  2.07932  4.04866  2.86903      1 i - - -
          2.68618  4.42225  2.77519  2.73123  3.46354  2.40513  3.72494  3.29354  2.67741  2.69355  4.24690  2.90347  2.73739  3.18146  2.89801  2.37887  2.77519  2.98518  4.58477  3.61503
          0.00771  5.26499  5.98733  0.61958  0.77255  0.48576  0.95510
      2   2.84903  3.83199  2.89293  3.07576  3.20967  3.92131  3.22994  3.08417  2.91033  2.06175  4.02662  2.98889  4.30598  2.88915  2.33626  2.87723  2.77883  2.60296  5.48798  2.79537      2 l - - -
          2.68618  4.42225  2.77519  2.73123  3.46354  2.40513  3.72494  3.29354  2.67741  2.69355  4.24690  2.90347  2.73739  3.18146  2.89801  2.37887  2.77519  2.98518  4.58477  3.61503
          0.00771  5.26499  5.98733  0.61958  0.77255  0.48576  0.95510
      3   3.09480  4.46841  5.03650  4.42485  1.88155  4.26912  4.60382  1.51713  4.21698  2.06782  2.96171  3.87055  4.62842  4.35141  3.38489  3.58104  3.32706  1.77711  5.09821  3.92337      3 i - - -
          2.68618  4.42225  2.77519  2.73123  3.46354  2.40513  3.72494  3.29354  2.67741  2.69355  4.24690  2.90347  2.73739  3.18146  2.89801  2.37887  2.77519  2.98518  4.58477  3.61503
          0.00771  5.26499  5.98733  0.61958  0.77255  0.48576  0.95510
      4   2.34184  3.62158  4.91349  4.30468  2.19466  3.74886  2.95480  1.69936  4.11063  2.39661  3.55535  4.33533  4.57000  4.26008  3.74431  2.78247  3.08519  1.94005  5.05722  3.45664      4 i - - -
          2.68618  4.42225  2.77519  2.73123  3.46354  2.40513  3.72494  3.29354  2.67741  2.69355  4.24690  2.90347  2.73739  3.18146  2.89801  2.37887  2.77519  2.98518  4.58477  3.61503
          0.00771  5.26499  5.98733  0.61958  0.77255  0.48576  0.95510
      5   2.63633  3.86723  3.52114  2.96187  4.26150  3.61048  3.67137  3.65625  2.94774  2.86609  4.14490  2.13503  3.72392  3.28788  3.38927  1.28362  3.07077  3.05186  5.59353  3.87847      5 s - - -
          2.68618  4.42225  2.77519  2.73123  3.46354  2.40513  3.72494  3.29354  2.67741  2.69355  4.24690  2.90347  2.73739  3.18146  2.89801  2.37887  2.77519  2.98518  4.58477  3.61503
          0.00771  5.26499  5.98733  0.61958  0.77255  0.48576  0.95510
      6   2.47950  2.87768  5.01712  4.40229  3.21333  3.80369  4.55883  2.00645  4.18778  2.03276  3.11371  4.38661  4.58782  4.31944  4.19662  3.53602  2.94165  1.34891  5.05258  3.11810      6 v - - -
          2.68618  4.42225  2.77519  2.73123  3.46354  2.40513  3.72494  3.29354  2.67741  2.69355  4.24690  2.90347  2.73739  3.18146  2.89801  2.37887  2.77519  2.98518  4.58477  3.61503
          0.00771  5.26499  5.98733  0.61958  0.77255  0.48576  0.95510
      7   3.68912  5.96164  5.89035  5.70557  2.57616  5.51421  4.41507  4.42665  5.48578  3.16576  5.03034  5.17865  5.81291  5.30199  5.38493  4.91122  5.07572  4.37424  4.51158  0.28243      7 Y - - -
          2.68618  4.42225  2.77519  2.73123  3.46354  2.40513  3.72494  3.29354  2.67741  2.69355  4.24690  2.90347  2.73739  3.18146  2.89801  2.37887  2.77519  2.98518  4.58477  3.61503
          0.00771  5.26499  5.98733  0.61958  0.77255  0.48576  0.95510
      8   2.54752  2.35069  4.43530  3.85097  3.22795  3.61882  3.23118  2.28956  3.74155  2.36213  3.64882  2.23403  4.50069  3.97200  2.53081  3.08278  3.27113  2.24273  4.12197  3.94900      8 n - - -
          2.68618  4.42225  2.77519  2.73123  3.46354  2.40513  3.72494  3.29354  2.67741  2.69355  4.24690  2.90347  2.73739  3.18146  2.89801  2.37887  2.77519  2.98518  4.58477  3.61503
          0.02804  5.26499  3.79491  0.61958  0.77255  0.48576  0.95510
      9   2.88258  5.44070  3.05779  2.21131  4.76283  3.76922  3.66351  4.23277  2.70288  3.73610  3.96211  3.24615  1.64413  3.06321  2.19831  2.18488  3.04660  3.53216  5.88736  3.93130      9 p - - -
          2.68618  4.42225  2.77519  2.73123  3.46354  2.40513  3.72494  3.29354  2.67741  2.69355  4.24690  2.90347  2.73739  3.18146  2.89801  2.37887  2.77519  2.98518  4.58477  3.61503
          0.00787  5.24481  5.96716  0.61958  0.77255  0.55661  0.85132
     10   2.78891  4.21404  2.90235  2.49128  4.78823  3.03048  3.95631  4.26297  2.51010  3.75773  4.50449  2.85446  1.34705  3.05821  2.75129  2.73336  3.08501  3.59131  5.90184  4.50083     10 p - - -
          2.68618  4.42225  2.77519  2.73123  3.46354  2.40513  3.72494  3.29354  2.67741  2.69355  4.24690  2.90347  2.73739  3.18146  2.89801  2.37887  2.77519  2.98518  4.58477  3.61503
          0.00787  5.24481  5.96716  0.61958  0.77255  0.55661  0.85132
     11   2.85563  5.48956  2.56285  2.49504  4.31103  2.76629  3.00462  4.02527  2.58807  3.36297  4.53082  2.47385  3.69421  2.56193  2.53187  2.06878  2.74799  3.29257  5.92362  3.99257     11 s - - -
          2.68618  4.42225  2.77519  2.73123  3.46354  2.40513  3.72494  3.29354  2.67741  2.69355  4.24690  2.90347  2.73739  3.18146  2.89801  2.37887  2.77519  2.98518  4.58477  3.61503
          0.00787  5.24481  5.96716  0.61958  0.77255  0.55661  0.85132
     12   2.45701  4.04459  2.29136  2.40113  4.78469  3.24030  3.40611  3.39373  2.69553  2.84732  4.50105  2.30446  3.86062  2.64196  2.90204  2.46707  2.70025  3.18727  5.89869  4.49786     12 d - - -
          2.68545  4.42316  2.77462  2.73083  3.46387  2.40583  3.72515  3.29375  2.67801  2.69367  4.24664  2.90372  2.73726  3.18053  2.89846  2.37795  2.77557  2.98555  4.58568  3.61537
          1.25580  0.99884  1.05888  1.51538  0.24811  0.55661  0.85132
     13   2.28921  5.26859  2.49984  2.29960  4.59392  3.24358  3.77673  3.56416  2.42614  3.56543  3.90126  2.62743  3.67992  2.43735  3.00886  2.34236  2.47619  3.44745  4.24882  4.31454     25 a - - -
          2.68618  4.42225  2.77519  2.73123  3.46354  2.40513  3.72494  3.29354  2.67741  2.69355  4.24690  2.90347  2.73739  3.18146  2.89801  2.37887  2.77519  2.98518  4.58477  3.61503
          0.01202  4.82279  5.54513  0.61958  0.77255  1.04443  0.43370
     14   2.50384  3.31747  3.62671  3.21173  2.88635  3.00113  3.68942  2.18581  3.36834  1.97353  3.15011  3.44626  3.78830  3.63257  3.24714  2.83188  2.61475  2.68973  5.02899  3.52048     26 l - - -
          2.68618  4.42225  2.77519  2.73123  3.46354  2.40513  3.72494  3.29354  2.67741  2.69355  4.24690  2.90347  2.73739  3.18146  2.89801  2.37887  2.77519  2.98518  4.58477  3.61503
          0.01108  4.90363  5.62598  0.61958  0.77255  0.53706  0.87818
     15   2.48603  5.43789  2.57822  2.11955  4.78299  3.48901  3.39127  4.26898  2.21571  3.22479  4.47855  2.52140  3.28516  2.64087  2.37419  2.58621  3.03205  3.36392  5.87056  3.62873     27 e - - -
          2.68618  4.42225  2.77519  2.73123  3.46354  2.40513  3.72494  3.29354  2.67741  2.69355  4.24690  2.90347  2.73739  3.18146  2.89801  2.37887  2.77519  2.98518  4.58477  3.61503
          0.00891  5.12067  5.84301  0.61958  0.77255  0.48664  0.95369
     16   2.58274  3.44569  2.70878  2.20006  4.16066  3.50424  3.72547  3.16715  2.47623  3.20299  4.45311  2.06152  3.41567  2.71350  3.18238  2.59713  2.82017  3.25988  5.85586  3.74404     28 n - - -
          2.68618  4.42225  2.77519  2.73123  3.46354  2.40513  3.72494  3.29354  2.67741  2.69355  4.24690  2.90347  2.73739  3.18146  2.89801  2.37887  2.77519  2.98518  4.58477  3.61503
          0.00813  5.21166  5.93401  0.61958  0.77255  0.47210  0.97734
     17   2.58740  4.63765  3.73629  3.06157  2.72845  4.04881  4.32024  2.32652  2.95282  1.77834  3.06454  3.30059  4.42450  3.45034  3.49237  2.82385  2.25395  2.55794  5.23294  3.69696     29 l - - -
          2.68618  4.42225  2.77519  2.73123  3.46354  2.40513  3.72494  3.29354  2.67741  2.69355  4.24690  2.90347  2.73739  3.18146  2.89801  2.37887  2.77519  2.98518  4.58477  3.61503
          0.00785  5.24760  5.96994  0.61958  0.77255  0.54720  0.86410
     18   2.84492  5.36169  2.88823  2.31048  3.78869  3.38695  3.56713  2.73721  2.45236  2.16015  4.41679  2.80960  3.80067  2.81234  2.88771  2.29487  2.79128  3.27770  4.65245  4.45143     30 l - - -
          2.68618  4.42225  2.77519  2.73123  3.46354  2.40513  3.72494  3.29354  2.67741  2.69355  4.24690  2.90347  2.73739  3.18146  2.89801  2.37887  2.77519  2.98518  4.58477  3.61503
          0.00785  5.24760  5.96994  0.61958  0.77255  0.44918  1.01653
     19   2.40778  4.46627  2.20468  2.20612  4.31873  3.35214  3.41271  4.33596  2.48146  3.81007  4.54537  2.38560  3.80136  2.70454  2.81446  2.17371  2.60772  3.68081  5.93736  4.52634     31 s - - -
          2.68618  4.42225  2.77519  2.73123  3.46354  2.40513  3.72494  3.29354  2.67741  2.69355  4.24690  2.90347  2.73739  3.18146  2.89801  2.37887  2.77519  2.98518  4.58477  3.61503
          0.00771  5.26499  5.98733  0.61958  0.77255  0.48576  0.95510
     20   2.38623  4.07290  2.72268  2.05689  4.64305  3.79774  3.48052  3.85026  2.75497  2.42407  4.41276  2.99528  4.18959  2.64319  3.09156  2.52976  2.17638  3.33919  4.53625  3.57593     32 e - - -
          2.68618  4.42225  2.77519  2.73123  3.46354  2.40513  3.72494  3.29354  2.67741  2.69355  4.24690  2.90347  2.73739  3.18146  2.89801  2.37887  2.77519  2.98518  4.58477  3.61503
          0.00771  5.26499  5.98733  0.61958  0.77255  0.48576  0.95510
     21   4.28161  5.49041  6.28961  5.70902  2.43792  5.68606  6.00571  1.22538  5.57107  0.85572  3.27430  5.86548  5.73511  5.43521  5.50051  5.07547  4.48900  2.49357  6.02120  5.05480     33 l - - -
          2.68618  4.42225  2.77519  2.73123  3.46354  2.40513  3.72494  3.29354  2.67741  2.69355  4.24690  2.90347  2.73739  3.18146  2.89801  2.37887  2.77519  2.98518  4.58477  3.61503
          0.00771  5.26499  5.98733  0.61958  0.77255  0.48576  0.95510
     22   2.55423  5.49031  2.53045  2.01011  3.82183  3.77028  3.95797  3.78135  2.52328  3.08084  3.81511  2.43232  4.16361  2.38509  2.37714  2.78372  2.52366  3.66016  5.92667  4.51943     34 e - - -
          2.68618  4.42225  2.77519  2.73123  3.46354  2.40513  3.72494  3.29354  2.67741  2.69355  4.24690  2.90347  2.73739  3.18146  2.89801  2.37887  2.77519  2.98518  4.58477  3.61503
          0.00771  5.26499  5.98733  0.61958  0.77255  0.48576  0.95510
     23   2.54913  5.49503  2.49954  2.22432  3.70168  3.43365  3.95686  4.31912  2.20567  3.13118  4.03931  2.94417  3.45773  2.57894  2.41958  2.45136  2.58809  3.88347  4.59651  3.66219     35 k - - -
          2.68618  4.42225  2.77519  2.73123  3.46354  2.40513  3.72494  3.29354  2.67741  2.69355  4.24690  2.90347  2.73739  3.18146  2.89801  2.37887  2.77519  2.98518  4.58477  3.61503
          0.00771  5.26499  5.98733  0.61958  0.77255  0.48576  0.95510
     24   2.27484  3.46548  4.00279  3.86704  3.16932  4.20614  3.59896  1.76129  4.11530  1.66687  3.09331  4.33830  4.57074  4.26356  4.15553  3.28724  2.69977  2.18744  5.05634  3.12780     36 l - - -
          2.68618  4.42225  2.77519  2.73123  3.46354  2.40513  3.72494  3.29354  2.67741  2.69355  4.24690  2.90347  2.73739  3.18146  2.89801  2.37887  2.77519  2.98518  4.58477  3.61503
          0.00771  5.26499  5.98733  0.61958  0.77255  0.48576  0.95510
     25   2.62518  3.03976  4.95629  4.34473  2.51995  4.21096  4.54165  1.98974  3.50603  1.63910  3.11961  4.35517  4.57518  4.28332  3.16367  3.26957  2.32599  2.23862  5.05193  3.87468     37 l - - -
          2.68618  4.42225  2.77519  2.73123  3.46354  2.40513  3.72494  3.29354  2.67741  2.69355  4.24690  2.90347  2.73739  3.18146  2.89801  2.37887  2.77519  2.98518  4.58477  3.61503
          0.00771  5.26499  5.98733  0.61958  0.77255  0.48576  0.95510
     26   2.65653  5.50471  2.54711  2.11553  4.84984  3.36597  3.68645  4.33586  2.59043  3.16094  4.54536  2.49368  3.37543  2.82479  2.16030  2.34680  2.44675  3.89539  5.93736  3.82958     38 e - - -
          2.68618  4.42225  2.77519  2.73123  3.46354  2.40513  3.72494  3.29354  2.67741  2.69355  4.24690  2.90347  2.73739  3.18146  2.89801  2.37887  2.77519  2.98518  4.58477  3.61503
          0.00771  5.26499  5.98733  0.61958  0.77255  0.48576  0.95510
     27   2.38281  4.50848  2.82063  2.23464  4.84513  3.12844  3.95541  4.33015  2.32350  2.79592  4.54242  2.99418  3.27432  2.50556  2.53036  2.26562  2.41194  3.89132  5.93490  4.52476     39 e - - -
          2.68618  4.42225  2.77519  2.73123  3.46354  2.40513  3.72494  3.29354  2.67741  2.69355  4.24690  2.90347  2.73739  3.18146  2.89801  2.37887  2.77519  2.98518  4.58477  3.61503
          0.00771  5.26499  5.98733  0.61958  0.77255  0.48576  0.95510
     28   2.55717  3.68311  3.27707  2.56694  3.18095  3.54963  3.53955  3.36340  2.51436  2.27050  4.24670  2.86109  3.01306  3.06393  2.86387  2.62384  2.43203  3.05652  5.68237  3.52424     40 l - - -
          2.68618  4.42225  2.77519  2.73123  3.46354  2.40513  3.72494  3.29354  2.67741  2.69355  4.24690  2.90347  2.73739  3.18146  2.89801  2.37887  2.77519  2.98518  4.58477  3.61503
          0.03356  5.26499  3.58135  0.61958  0.77255  0.48576  0.95510
     29   2.56386  3.98601  2.28467  2.67691  4.82972  2.54341  3.29187  4.31405  2.16628  3.36321  4.52823  2.66665  2.76109  2.94262  2.64616  2.53925  2.70327  3.87636  5.92103  4.51148     41 k - - -
          2.68618  4.42225  2.77519  2.73123  3.46354  2.40513  3.72494  3.29354  2.67741  2.69355  4.24690  2.90347  2.73739  3.18146  2.89801  2.37887  2.77519  2.98518  4.58477  3.61503
          0.24355  5.23933  1.55657  0.61958  0.77255  0.57477  0.82744
     30   2.39826  5.35536  2.80430  2.58451  4.68652  3.43600  3.24695  3.59689  2.35626  3.21221  3.90739  2.42597  3.06754  2.94689  2.32528  2.24720  2.58349  3.73851  5.79646  4.39406     42 s - - -
          2.68618  4.42225  2.77519  2.73123  3.46354  2.40513  3.72494  3.29354  2.67741  2.69355  4.24690  2.90347  2.73739  3.18146  2.89801  2.37887  2.77519  2.98518  4.58477  3.61503
          0.16118  5.00578  1.95077  0.61958  0.77255  1.09510  0.40723
     31   2.81988  5.17249  2.97408  2.47799  3.49032  3.16681  3.81519  3.65491  2.38831  3.07325  4.22951  2.66641  2.53316  2.78920  2.83981  2.44125  2.32092  3.07887  5.64298  3.77377     43 t - - -
          2.68641  4.42248  2.77530  2.73124  3.46377  2.40515  3.72493  3.29377  2.67764  2.69355  4.24713  2.90350  2.73730  3.18155  2.89810  2.37891  2.77429  2.98488  4.58500  3.61492
          0.69104  0.79482  3.05164  0.41843  1.07318  0.18910  1.75853
     32   2.82702  4.08436  2.74364  2.40589  3.88804  3.41391  2.79925  4.31622  2.24760  3.55688  4.11832  2.53399  2.50504  2.60633  2.63949  2.49081  2.68878  3.87737  5.92093  4.51077     47 k - - -
          2.68618  4.42225  2.77519  2.73123  3.46354  2.40513  3.72494  3.29354  2.67741  2.69355  4.24690  2.90347  2.73739  3.18146  2.89801  2.37887  2.77519  2.98518  4.58477  3.61503
          0.00794  5.23565  5.95800  0.61958  0.77255  0.42743  1.05607
     33   2.63893  3.39280  4.88764  4.28045  3.27757  4.20198  3.34532  1.93871  4.09174  2.11077  3.24286  4.32322  3.53926  3.80670  4.14318  2.78821  2.06802  1.98563  5.06074  2.94024     48 i - - -
          2.68618  4.42225  2.77519  2.73123  3.46354  2.40513  3.72494  3.29354  2.67741  2.69355  4.24690  2.90347  2.73739  3.18146  2.89801  2.37887  2.77519  2.98518  4.58477  3.61503
          0.00771  5.26499  5.98733  0.61958  0.77255  0.48576  0.95510
     34   3.91259  5.13470  5.99633  5.47851  3.41219  5.41626  5.95830  0.86022  5.37279  1.67991  4.01110  5.58283  5.63204  5.50846  5.44238  4.80976  3.78407  1.42462  6.24424  5.09932     49 i - - -
          2.68618  4.42225  2.77519  2.73123  3.46354  2.40513  3.72494  3.29354  2.67741  2.69355  4.24690  2.90347  2.73739  3.18146  2.89801  2.37887  2.77519  2.98518  4.58477  3.61503
          0.00771  5.26499  5.98733  0.61958  0.77255  0.48576  0.95510
     35   3.39434  5.02656  5.78594  5.22105  2.78788  5.11453  5.53317  1.06813  5.06558  1.46384  3.48314  5.28153  5.36638  5.15668  5.08788  4.47126  3.98997  1.58637  5.86333  4.73951     50 i - - -
          2.68618  4.42225  2.77519  2.73123  3.46354  2.40513  3.72494  3.29354  2.67741  2.69355  4.24690  2.90347  2.73739  3.18146  2.89801  2.37887  2.77519  2.98518  4.58477  3.61503
          0.00771  5.26499  5.98733  0.61958  0.77255  0.48576  0.95510
     36   1.92171  3.02441  3.53499  3.84501  3.64275  2.20453  4.42665  2.65253  3.73658  1.97073  2.85423  4.08114  4.49966  3.96800  3.57742  3.00485  2.61335  2.38542  5.14586  3.95058     51 a - - -
          2.68618  4.42225  2.77519  2.73123  3.46354  2.40513  3.72494  3.29354  2.67741  2.69355  4.24690  2.90347  2.73739  3.18146  2.89801  2.37887  2.77519  2.98518  4.58477  3.61503
          0.00771  5.26499  5.98733  0.61958  0.77255  0.48576  0.95510
     37   3.06461  3.82833  4.50600  3.94963  3.86688  0.77915  4.58698  2.81628  3.84573  2.78495  3.50153  4.15124  4.54067  4.08827  4.06533  3.08210  2.97633  2.79637  5.36764  4.17245     52 g - - -
          2.68620  4.42227  2.77521  2.73125  3.46356  2.40503  3.72496  3.29356  2.67743  2.69357  4.24619  2.90349  2.73742  3.18148  2.89803  2.37889  2.77521  2.98520  4.58479  3.61505
          0.04811  3.11307  5.98733  0.30987  1.32254  0.48576  0.95510
     38   5.09674  6.87959  0.08395  4.16625  6.59269  4.87759  5.87615  6.61616  5.25134  5.95858  7.09657  4.74127  5.58557  5.21692  5.77817  5.01933  5.48494  6.15340  7.35835  6.45873     54 D - - -
          2.68618  4.42225  2.77519  2.73123  3.46354  2.40513  3.72494  3.29354  2.67741  2.69355  4.24690  2.90347  2.73739  3.18146  2.89801  2.37887  2.77519  2.98518  4.58477  3.61503
          0.00771  5.26499  5.98733  0.61958  0.77255  0.48576  0.95510
     39   2.40339  4.46613  4.89918  4.29415  0.96331  4.22459  4.54623  2.74832  4.10746  2.18753  3.33053  4.34172  4.58840  4.26209  4.16251  3.10873  3.10252  2.70541  4.43247  3.88669     55 f - - -
          2.68618  4.42225  2.77519  2.73123  3.46354  2.40513  3.72494  3.29354  2.67741  2.69355  4.24690  2.90347  2.73739  3.18146  2.89801  2.37887  2.77519  2.98518  4.58477  3.61503
          0.00771  5.26499  5.98733  0.61958  0.77255  0.48576  0.95510
     40   3.58542  5.63132  3.63996  3.68408  5.67117  4.04591  5.22856  5.52191  4.31890  5.08799  5.96634  0.26826  4.83525  4.50872  4.70968  3.15232  4.09245  4.81063  6.97357  5.58112     56 N - - -
          2.68618  4.42225  2.77519  2.73123  3.46354  2.40513  3.72494  3.29354  2.67741  2.69355  4.24690  2.90347  2.73739  3.18146  2.89801  2.37887  2.77519  2.98518  4.58477  3.61503
          0.00771  5.26499  5.98733  0.61958  0.77255  0.48576  0.95510
     41   1.37179  4.17307  4.25918  3.41088  3.44253  3.71023  4.37855  2.89196  3.59627  2.13780  2.89907  3.97832  4.46734  3.85262  2.41999  2.67556  3.06754  2.72958  5.19104  3.43087     57 a - - -
          2.68618  4.42225  2.77519  2.73123  3.46354  2.40513  3.72494  3.29354  2.67741  2.69355  4.24690  2.90347  2.73739  3.18146  2.89801  2.37887  2.77519  2.98518  4.58477  3.61503
          0.00771  5.26499  5.98733  0.61958  0.77255  0.48576  0.95510
     42   3.07048  5.55482  3.09067  2.75819  4.90756  3.57094  1.74770  4.38067  1.56415  3.85183  4.59886  3.29855  2.57941  3.00041  2.42206  2.85053  3.29741  3.95078  5.97229  4.58220     58 k - - -
          2.68618  4.42225  2.77519  2.73123  3.46354  2.40513  3.72494  3.29354  2.67741  2.69355  4.24690  2.90347  2.73739  3.18146  2.89801  2.37887  2.77519  2.98518  4.58477  3.61503
          0.00771  5.26499  5.98733  0.61958  0.77255  0.48576  0.95510
     43   2.80867  4.54570  2.53096  2.59646  4.21408  3.50849  1.56565  4.29215  2.46897  3.78023  4.52318  2.67885  4.16606  3.06103  2.89539  2.10991  3.22630  3.86439  5.91885  3.99578     59 h - - -
          2.68618  4.42225  2.77519  2.73123  3.46354  2.40513  3.72494  3.29354  2.67741  2.69355  4.24690  2.90347  2.73739  3.18146  2.89801  2.37887  2.77519  2.98518  4.58477  3.61503
          0.00771  5.26499  5.98733  0.61958  0.77255  0.48576  0.95510
     44   2.76769  4.19686  3.39349  2.53781  4.46274  3.37622  3.60904  2.50344  2.26148  3.00331  4.28938  3.35736  2.27104  2.37282  2.96577  3.03260  2.63773  2.74585  5.71947  4.04901     60 k - - -
          2.68618  4.42225  2.77519  2.73123  3.46354  2.40513  3.72494  3.29354  2.67741  2.69355  4.24690  2.90347  2.73739  3.18146  2.89801  2.37887  2.77519  2.98518  4.58477  3.61503
          0.00771  5.26499  5.98733  0.61958  0.77255  0.48576  0.95510
     45   2.44578  5.09819  2.60526  2.51460  4.30743  3.86536  4.07736  3.04383  2.64858  1.93281  2.89736  3.08709  4.25338  2.88927  3.36032  2.34705  2.98693  2.84619  4.19930  4.31180     61 l - - -
          2.68618  4.42225  2.77519  2.73123  3.46354  2.40513  3.72494  3.29354  2.67741  2.69355  4.24690  2.90347  2.73739  3.18146  2.89801  2.37887  2.77519  2.98518  4.58477  3.61503
          0.00771  5.26499  5.98733  0.61958  0.77255  0.48576  0.95510
     46   4.71343  5.88722  5.85958  5.63800  2.49129  5.41628  4.43298  4.38073  5.35525  3.18671  4.95497  5.14910  5.74354  5.25322  5.27979  3.91815  4.95804  4.32533  0.36083  2.80422     62 W - - -
          2.68618  4.42225  2.77519  2.73123  3.46354  2.40513  3.72494  3.29354  2.67741  2.69355  4.24690  2.90347  2.73739  3.18146  2.89801  2.37887  2.77519  2.98518  4.58477  3.61503
          0.00771  5.26499  5.98733  0.61958  0.77255  0.48576  0.95510
     47   2.63276  5.50415  2.64411  2.28504  4.84166  1.67985  3.97576  4.32250  2.71889  3.80747  4.55009  2.30764  3.81779  3.07609  3.21198  2.04290  3.07244  3.89142  4.49262  4.53638     63 g - - -
          2.68618  4.42225  2.77519  2.73123  3.46354  2.40513  3.72494  3.29354  2.67741  2.69355  4.24690  2.90347  2.73739  3.18146  2.89801  2.37887  2.77519  2.98518  4.58477  3.61503
          0.00771  5.26499  5.98733  0.61958  0.77255  0.48576  0.95510
     48   2.87530  4.00352  2.73844  2.71472  4.76566  2.02317  3.21530  4.23420  2.63453  3.74047  4.49358  2.78222  3.43568  3.07650  3.20536  1.54459  3.03547  3.82279  5.89425  3.66720     64 s - - -
          2.68624  4.42231  2.77526  2.73129  3.46360  2.40507  3.72501  3.29360  2.67732  2.69361  4.24623  2.90353  2.73746  3.18152  2.89788  2.37893  2.77526  2.98504  4.58483  3.61471
          0.39221  3.70949  1.20415  1.25837  0.33424  0.48576  0.95510
     49   2.60589  5.19278  3.16015  2.46793  3.90317  3.44662  3.27860  3.48014  2.28937  3.08798  3.55317  2.39841  2.84446  2.95815  2.82298  2.33271  2.49238  3.55034  5.66364  3.68685     71 k - - -
          2.68618  4.42225  2.77519  2.73123  3.46354  2.40513  3.72494  3.29354  2.67741  2.69355  4.24690  2.90347  2.73739  3.18146  2.89801  2.37887  2.77519  2.98518  4.58477  3.61503
          0.04812  4.91197  3.22833  0.61958  0.77255  1.22445  0.34803
     50   2.55300  5.23644  2.39339  2.42991  4.03362  3.34956  3.32909  3.43733  2.37759  3.08513  4.28780  3.10178  4.00937  2.91962  2.38973  2.17594  2.52859  3.08717  5.69376  4.30824     72 s - - -
          2.68618  4.42225  2.77519  2.73123  3.46354  2.40513  3.72494  3.29354  2.67741  2.69355  4.24690  2.90347  2.73739  3.18146  2.89801  2.37887  2.77519  2.98518  4.58477  3.61503
          0.05976  4.87525  2.98830  0.61958  0.77255  0.24663  1.52063
     51   2.66347  3.63926  2.59033  2.38425  3.63976  3.50461  3.93309  3.70213  2.48170  3.75080  4.49396  2.63537  3.15745  2.85614  2.54111  2.44993  1.92698  3.83489  5.88983  4.48577     73 t - - -
          2.68618  4.42225  2.77519  2.73123  3.46354  2.40513  3.72494  3.29354  2.67741  2.69355  4.24690  2.90347  2.73739  3.18146  2.89801  2.37887  2.77519  2.98518  4.58477  3.61503
          0.02374  5.20637  4.01874  0.61958  0.77255  0.67576  0.71084
     52   2.75499  5.46749  1.88312  2.55021  4.19738  3.28249  3.22487  4.29674  2.56785  3.48748  4.50844  2.20357  3.51574  2.81793  2.66886  2.32302  2.58355  3.85756  5.90080  4.49045     74 d - - -
          2.68634  4.42323  2.77539  2.73195  3.46382  2.40560  3.72363  3.29301  2.67771  2.69423  4.24788  2.90324  2.73754  3.18109  2.89714  2.37867  2.77452  2.98430  4.58575  3.61491
          0.60366  0.79742  5.91329  1.45111  0.26698  0.36358  1.18805
     53   2.26873  5.50555  2.79777  2.20089  4.85108  2.88131  3.44526  3.93769  2.23843  3.52366  4.54609  3.08789  3.26392  2.43964  2.45144  2.22829  2.93304  3.60286  5.93796  4.52673     88 e - - -
          2.68618  4.42225  2.77519  2.73123  3.46354  2.40513  3.72494  3.29354  2.67741  2.69355  4.24690  2.90347  2.73739  3.18146  2.89801  2.37887  2.77519  2.98518  4.58477  3.61503
          0.00771  5.26499  5.98733  0.61958  0.77255  0.48576  0.95510
     54   2.86532  4.05457  2.87086  2.14847  4.84099  3.45901  3.20650  3.62841  2.08829  3.33867  4.53986  2.41717  4.16219  2.83725  1.86506  2.75320  3.07618  3.37201  5.93275  4.52338     89 r - - -
          2.68618  4.42225  2.77519  2.73123  3.46354  2.40513  3.72494  3.29354  2.67741  2.69355  4.24690  2.90347  2.73739  3.18146  2.89801  2.37887  2.77519  2.98518  4.58477  3.61503
          0.00771  5.26499  5.98733  0.61958  0.77255  0.48576  0.95510
     55   1.85241  3.73463  3.13067  2.56164  4.67889  1.31608  3.73782  4.12322  2.83517  3.67875  4.46213  2.85994  4.23051  3.18273  3.31533  2.90284  3.13411  3.74802  5.87548  4.50712     90 g - - -
          2.68618  4.42225  2.77519  2.73123  3.46354  2.40513  3.72494  3.29354  2.67741  2.69355  4.24690  2.90347  2.73739  3.18146  2.89801  2.37887  2.77519  2.98518  4.58477  3.61503
          0.00771  5.26499  5.98733  0.61958  0.77255  0.48576  0.95510
     56   2.77540  5.50438  2.45655  2.11210  4.84939  3.55774  3.09756  3.67986  2.10169  3.18466  4.54505  2.62621  4.16113  2.70815  2.32651  2.56555  2.74894  3.23559  5.93709  4.52617     91 k - - -
          2.68618  4.42225  2.77519  2.73123  3.46354  2.40513  3.72494  3.29354  2.67741  2.69355  4.24690  2.90347  2.73739  3.18146  2.89801  2.37887  2.77519  2.98518  4.58477  3.61503
          0.00771  5.26499  5.98733  0.61958  0.77255  0.48576  0.95510
     57   2.85676  4.49371  2.69049  1.75778  4.83539  3.32413  3.44733  2.91525  2.39051  3.28540  4.53638  2.91308  3.35231  2.43448  3.08277  2.28209  3.03598  3.66448  5.92985  3.90008     92 e - - -
          2.68618  4.42225  2.77519  2.73123  3.46354  2.40513  3.72494  3.29354  2.67741  2.69355  4.24690  2.90347  2.73739  3.18146  2.89801  2.37887  2.77519  2.98518  4.58477  3.61503
          0.00771  5.26499  5.98733  0.61958  0.77255  0.48576  0.95510
     58   4.47817  5.65421  6.46681  5.88492  1.97708  5.90825  6.15559  1.90808  5.75726  0.57717  3.52675  6.08739  5.86184  5.52767  5.64682  5.31836  4.67267  2.81690  6.05354  5.10370     93 L - - -
          2.68618  4.42225  2.77519  2.73123  3.46354  2.40513  3.72494  3.29354  2.67741  2.69355  4.24690  2.90347  2.73739  3.18146  2.89801  2.37887  2.77519  2.98518  4.58477  3.61503
          0.00771  5.26499  5.98733  0.61958  0.77255  0.48576  0.95510
     59   2.36103  4.55429  4.36624  2.46567  3.10740  4.11668  3.90611  1.97233  3.38625  2.00950  3.44127  3.67419  4.48816  3.92600  3.47314  2.57636  2.78168  2.19126  4.31679  3.61685     94 i - - -
          2.68618  4.42225  2.77519  2.73123  3.46354  2.40513  3.72494  3.29354  2.67741  2.69355  4.24690  2.90347  2.73739  3.18146  2.89801  2.37887  2.77519  2.98518  4.58477  3.61503
          0.00771  5.26499  5.98733  0.61958  0.77255  0.48576  0.95510
     60   2.99671  5.51007  2.20786  1.80833  4.85600  3.32737  3.95658  4.34280  2.49149  3.58224  4.55062  2.30185  3.80613  2.43345  2.85189  2.20778  2.75138  3.90119  5.94211  4.53027     95 e - - -
          2.68618  4.42225  2.77519  2.73123  3.46354  2.40513  3.72494  3.29354  2.67741  2.69355  4.24690  2.90347  2.73739  3.18146  2.89801  2.37887  2.77519  2.98518  4.58477  3.61503
          0.00771  5.26499  5.98733  0.61958  0.77255  0.48576  0.95510
     61   2.51037  4.43370  4.17650  4.32500  1.73293  4.20807  4.53761  2.25794  3.39186  1.86936  2.99742  4.34535  4.57251  4.27184  4.16130  3.08966  2.83170  2.47449  3.05221  3.10375     96 f - - -
          2.68618  4.42225  2.77519  2.73123  3.46354  2.40513  3.72494  3.29354  2.67741  2.69355  4.24690  2.90347  2.73739  3.18146  2.89801  2.37887  2.77519  2.98518  4.58477  3.61503
          0.00771  5.26499  5.98733  0.61958  0.77255  0.48576  0.95510
     62   2.69062  3.52670  5.00227  4.38768  2.45470  3.82572  4.55012  1.93310  4.17481  1.51318  2.44147  3.79787  4.58073  4.30794  4.18656  3.29810  2.69228  2.25618  5.04680  3.87061     97 l - - -
          2.68618  4.42225  2.77519  2.73123  3.46354  2.40513  3.72494  3.29354  2.67741  2.69355  4.24690  2.90347  2.73739  3.18146  2.89801  2.37887  2.77519  2.98518  4.58477  3.61503
          0.00771  5.26499  5.98733  0.61958  0.77255  0.48576  0.95510
     63   2.67114  5.48281  2.30766  2.18211  4.81840  3.46406  3.30607  3.27764  2.69865  2.45074  4.52598  2.25687  4.16527  2.25648  3.18986  2.64085  2.81910  3.66563  5.92120  4.51598     98 e - - -
          2.68618  4.42225  2.77519  2.73123  3.46354  2.40513  3.72494  3.29354  2.67741  2.69355  4.24690  2.90347  2.73739  3.18146  2.89801  2.37887  2.77519  2.98518  4.58477  3.61503
          0.00771  5.26499  5.98733  0.61958  0.77255  0.48576  0.95510
     64   2.25271  4.48554  2.39439  1.81403  4.84177  3.76865  3.95595  4.32608  2.52676  3.60575  3.65326  2.40406  4.16207  2.65316  2.93220  2.40734  2.62077  3.88843  5.93316  4.04542     99 e - - -
          2.68618  4.42225  2.77519  2.73123  3.46354  2.40513  3.72494  3.29354  2.67741  2.69355  4.24690  2.90347  2.73739  3.18146  2.89801  2.37887  2.77519  2.98518  4.58477  3.61503
          0.00771  5.26499  5.98733  0.61958  0.77255  0.48576  0.95510
     65   3.00155  3.76032  2.90083  2.81380  2.83303  3.53941  2.10977  3.57354  2.50937  2.50478  4.01230  2.58492  4.21229  2.70537  2.81279  2.77326  2.87078  3.59491  5.74672  3.61561    100 h - - -
          2.68618  4.42225  2.77519  2.73123  3.46354  2.40513  3.72494  3.29354  2.67741  2.69355  4.24690  2.90347  2.73739  3.18146  2.89801  2.37887  2.77519  2.98518  4.58477  3.61503
          0.00771  5.26499  5.98733  0.61958  0.77255  0.48576  0.95510
     66   2.75748  5.50485  2.63270  2.26084  4.85000  2.24060  3.54903  3.92517  2.36323  3.54015  4.54550  2.29898  3.32353  2.35038  3.18229  2.38053  3.11533  3.89553  5.93748  3.61810    101 g - - -
          2.68618  4.42225  2.77519  2.73123  3.46354  2.40513  3.72494  3.29354  2.67741  2.69355  4.24690  2.90347  2.73739  3.18146  2.89801  2.37887  2.77519  2.98518  4.58477  3.61503
          0.00771  5.26499  5.98733  0.61958  0.77255  0.48576  0.95510
     67   3.04954  3.90723  3.71538  4.19186  3.26002  4.19321  4.51416  2.54795  4.02251  0.87446  2.69470  3.55157  4.55874  4.19426  3.71478  3.49445  3.28163  2.70871  5.07869  3.55987    102 l - - -
          2.68618  4.42225  2.77519  2.73123  3.46354  2.40513  3.72494  3.29354  2.67741  2.69355  4.24690  2.90347  2.73739  3.18146  2.89801  2.37887  2.77519  2.98518  4.58477  3.61503
          0.00771  5.26499  5.98733  0.61958  0.77255  0.48576  0.95510
     68   2.61707  3.77076  3.20380  2.55417  3.50067  3.83712  3.15435  2.75305  2.72457  2.98178  4.26732  2.42767  4.22676  2.44994  2.79258  2.36709  2.72823  2.95981  4.60301  3.65680    103 s - - -
          2.68618  4.42225  2.77519  2.73123  3.46354  2.40513  3.72494  3.29354  2.67741  2.69355  4.24690  2.90347  2.73739  3.18146  2.89801  2.37887  2.77519  2.98518  4.58477  3.61503
          0.50495  5.26499  0.93830  0.61958  0.77255  0.48576  0.95510
     69   2.66791  3.27570  4.63990  4.03542  3.31054  3.97452  4.30377  1.94682  3.85209  1.57252  3.32969  4.08911  3.02603  4.01086  3.91187  3.28048  2.69630  1.99321  4.84136  3.30266    104 l - - -
          2.68618  4.42225  2.77519  2.73123  3.46354  2.40513  3.72494  3.29354  2.67741  2.69355  4.24690  2.90347  2.73739  3.18146  2.89801  2.37887  2.77519  2.98518  4.58477  3.61503
          0.01264  4.77268  5.49503  0.61958  0.77255  1.26048  0.33340
     70   2.32729  3.66591  4.93840  4.34048  3.19668  4.22224  4.57733  1.99860  4.15183  1.36538  3.14340  4.36729  4.56473  4.29210  4.18650  3.54158  3.24301  1.63812  5.06037  3.88928    105 l - - -
          2.68621  4.42229  2.77523  2.73127  3.46357  2.40506  3.72498  3.29358  2.67731  2.69358  4.24693  2.90333  2.73729  3.18150  2.89804  2.37890  2.77523  2.98522  4.58480  3.61507
          0.04028  3.33817  5.52719  0.97811  0.47164  0.17835  1.81185
     71   2.88095  4.41096  3.36886  2.81136  4.51453  3.82096  3.63366  3.35058  2.80612  3.01467  4.32561  1.65200  3.88216  2.09161  2.95489  2.11165  3.11981  3.60095  3.59138  4.40221    110 n - - -
          2.68618  4.42225  2.77519  2.73123  3.46354  2.40513  3.72494  3.29354  2.67741  2.69355  4.24690  2.90347  2.73739  3.18146  2.89801  2.37887  2.77519  2.98518  4.58477  3.61503
          0.00771  5.26499  5.98733  0.61958  0.77255  0.48576  0.95510
     72   2.75962  3.29183  2.64795  2.54678  3.88362  3.53634  3.15457  3.34059  2.71036  2.36065  3.52877  2.84714  3.21869  3.19843  2.54716  2.89599  2.65130  2.89809  5.69369  3.47566    111 l - - -
          2.68618  4.42225  2.77519  2.73123  3.46354  2.40513  3.72494  3.29354  2.67741  2.69355  4.24690  2.90347  2.73739  3.18146  2.89801  2.37887  2.77519  2.98518  4.58477  3.61503
          0.08384  5.26499  2.58694  0.61958  0.77255  0.48576  0.95510
     73   2.78611  5.01148  3.08507  2.92719  4.20862  3.13775  4.05996  3.17651  2.60092  2.07018  3.72329  2.88911  2.19115  3.25213  3.15463  2.78368  2.76171  2.31604  5.54443  4.24563    112 l - - -
          2.68618  4.42225  2.77519  2.73123  3.46354  2.40513  3.72494  3.29354  2.67741  2.69355  4.24690  2.90347  2.73739  3.18146  2.89801  2.37887  2.77519  2.98518  4.58477  3.61503
          0.00832  5.18947  5.91181  0.61958  0.77255  0.36184  1.19202
     74   2.52912  5.50359  2.67897  2.37847  4.84823  2.56004  3.07756  4.33389  1.97375  3.26131  4.54437  2.81918  2.55342  3.05148  2.73125  2.85275  2.61796  3.89400  5.93653  3.95796    113 k - - -
          2.68612  4.42233  2.77527  2.73131  3.46361  2.40520  3.72502  3.29362  2.67748  2.69319  4.24697  2.90300  2.73733  3.18154  2.89808  2.37894  2.77527  2.98526  4.58485  3.61511
          0.19247  2.55736  2.32717  0.67272  0.71400  0.48576  0.95510
     75   2.81840  5.44370  3.03843  2.32140  3.48588  2.89913  3.91132  4.26435  2.58424  3.74638  4.48598  2.85407  3.06782  2.58498  2.39229  1.82846  2.49381  3.83106  5.88006  3.85625    116 s - - -
          2.68618  4.42225  2.77519  2.73123  3.46354  2.40513  3.72494  3.29354  2.67741  2.69355  4.24690  2.90347  2.73739  3.18146  2.89801  2.37887  2.77519  2.98518  4.58477  3.61503
          0.00852  5.16510  5.88745  0.61958  0.77255  0.57768  0.82370
     76   2.63550  5.39615  2.91320  2.31679  4.11664  2.16357  3.37119  3.65613  2.47196  3.25521  4.44568  3.23726  2.50044  3.05475  2.99447  2.70616  2.30074  3.10492  5.84924  4.45926    117 g - - -
          2.68632  4.42239  2.77525  2.73125  3.46338  2.40527  3.72508  3.29349  2.67755  2.69369  4.24704  2.90360  2.73741  3.18147  2.89775  2.37901  2.77412  2.98532  4.58491  3.61517
          0.33424  1.26777  5.92927  0.08210  2.54057  0.38375  1.14352
     77   2.57587  4.10810  3.93000  3.36192  3.86629  3.60276  3.88040  2.75452  2.62761  2.18064  3.83601  3.76026  1.78955  3.61243  3.66073  2.98601  2.00609  2.74674  5.31594  4.08453    119 p - - -
          2.68618  4.42225  2.77519  2.73123  3.46354  2.40513  3.72494  3.29354  2.67741  2.69355  4.24690  2.90347  2.73739  3.18146  2.89801  2.37887  2.77519  2.98518  4.58477  3.61503
          0.00771  5.26499  5.98733  0.61958  0.77255  0.48576  0.95510
     78   3.05589  5.55059  2.61814  2.49927  4.88883  3.80067  4.00661  4.36959  2.60368  3.85139  4.59741  2.95425  4.20869  3.10895  1.95995  2.65570  1.29878  3.93846  5.98520  4.57762    120 t - - -
          2.68618  4.42225  2.77519  2.73123  3.46354  2.40513  3.72494  3.29354  2.67741  2.69355  4.24690  2.90347  2.73739  3.18146  2.89801  2.37887  2.77519  2.98518  4.58477  3.61503
          0.00771  5.26499  5.98733  0.61958  0.77255  0.48576  0.95510
     79   3.03997  2.82720  4.47728  3.54429  1.97442  3.63608  3.17596  2.82858  3.77551  2.36091  3.63829  3.70199  3.39319  3.99945  3.09191  3.04888  2.95221  2.77789  3.10506  2.16734    121 f - - -
          2.68618  4.42225  2.77519  2.73123  3.46354  2.40513  3.72494  3.29354  2.67741  2.69355  4.24690  2.90347  2.73739  3.18146  2.89801  2.37887  2.77519  2.98518  4.58477  3.61503
          0.05851  5.26499  2.96310  0.61958  0.77255  0.48576  0.95510
     80   2.97473  5.30618  3.12773  2.44730  4.58397  3.51398  3.24205  2.47682  2.34725  3.33017  4.36521  2.86685  4.17083  2.66873  2.71540  2.38781  3.01089  2.47303  3.15656  3.48669    122 k - - -
          2.68618  4.42225  2.77519  2.73123  3.46354  2.40513  3.72494  3.29354  2.67741  2.69355  4.24690  2.90347  2.73739  3.18146  2.89801  2.37887  2.77519  2.98518  4.58477  3.61503
          0.00811  5.21459  5.93694  0.61958  0.77255  0.65182  0.73626
     81   2.49536  5.43396  3.08243  2.58651  4.75940  3.22584  3.94188  3.72321  2.68462  3.56052  4.47987  2.69917  2.32674  2.90527  2.21402  1.80711  2.86802  3.81402  4.71414  4.47985    123 s - - -
          2.68618  4.42225  2.77519  2.73123  3.46354  2.40513  3.72494  3.29354  2.67741  2.69355  4.24690  2.90347  2.73739  3.18146  2.89801  2.37887  2.77519  2.98518  4.58477  3.61503
          0.06184  5.21459  2.90893  0.61958  0.77255  0.65182  0.73626
     82   2.45462  5.42233  3.20870  2.52296  4.75311  2.67987  3.03650  4.22913  2.28810  3.23061  4.04996  3.03554  3.16352  2.64083  2.80484  2.11028  2.48494  3.54707  5.86365  3.42500    124 s - - -
          2.68618  4.42225  2.77519  2.73123  3.46354  2.40513  3.72494  3.29354  2.67741  2.69355  4.24690  2.90347  2.73739  3.18146  2.89801  2.37887  2.77519  2.98518  4.58477  3.61503
          0.00856  5.16130  5.88365  0.61958  0.77255  0.79471  0.60096
     83   2.79098  5.45218  2.66751  2.54515  4.79549  2.43763  3.90733  3.87117  2.48442  3.75670  4.49332  2.09643  3.72363  2.40667  2.60532  2.06937  2.96064  3.84187  4.59834  4.47603    125 s - - -
          2.68618  4.42225  2.77519  2.73123  3.46354  2.40513  3.72494  3.29354  2.67741  2.69355  4.24690  2.90347  2.73739  3.18146  2.89801  2.37887  2.77519  2.98518  4.58477  3.61503
          0.03730  5.16130  3.47766  0.61958  0.77255  0.79471  0.60096
     84   2.69996  5.35505  3.05139  2.49886  4.66421  2.13060  3.47111  3.86592  2.66466  3.11771  4.01657  2.78357  3.67694  2.84037  2.59093  2.52340  2.24144  3.24801  5.80985  3.27894    126 g - - -
          2.68637  4.42254  2.77532  2.73126  3.46383  2.40476  3.72438  3.29383  2.67735  2.69375  4.24719  2.90308  2.73716  3.18141  2.89801  2.37896  2.77516  2.98548  4.58506  3.61498
          0.71238  1.22226  1.53731  0.76049  0.63005  0.30712  1.33016
     85   2.78063  4.30207  2.34243  2.30976  4.75153  2.78033  3.36382  4.23649  2.22836  3.71258  4.44897  2.68708  3.11969  2.74212  3.09003  2.23161  2.45266  3.79778  5.84147  3.70404    130 k - - -
          2.68608  4.42227  2.77521  2.73109  3.46355  2.40514  3.72496  3.29356  2.67742  2.69356  4.24691  2.90348  2.73741  3.18148  2.89802  2.37888  2.77521  2.98520  4.58478  3.61505
          0.05142  3.05691  5.78174  0.33606  1.25379  0.25958  1.47568
     86   2.86317  4.50947  2.95024  2.58035  4.76656  3.77929  3.50143  3.77651  2.50877  3.54941  4.49344  2.53977  3.83569  3.07429  3.20282  1.21920  2.53081  3.82346  5.89391  4.49833    132 s - - -
          2.68618  4.42225  2.77519  2.73123  3.46354  2.40513  3.72494  3.29354  2.67741  2.69355  4.24690  2.90347  2.73739  3.18146  2.89801  2.37887  2.77519  2.98518  4.58477  3.61503
          0.00771  5.26499  5.98733  0.61958  0.77255  0.48576  0.95510
     87   3.06219  4.43780  5.01081  4.39739  2.39358  4.23245  4.56612  1.68233  4.18657  2.41461  3.29647  4.38960  4.59509  4.32068  4.20076  3.27115  1.73461  1.82751  3.43890  3.88645    133 i - - -
          2.68618  4.42225  2.77519  2.73123  3.46354  2.40513  3.72494  3.29354  2.67741  2.69355  4.24690  2.90347  2.73739  3.18146  2.89801  2.37887  2.77519  2.98518  4.58477  3.61503
          0.00771  5.26499  5.98733  0.61958  0.77255  0.48576  0.95510
     88   3.80161  5.06410  5.81815  5.27054  4.06720  5.19563  5.65703  1.06798  5.13054  1.17998  3.88304  5.35594  3.65989  5.24908  5.18057  4.56305  4.04198  1.71475  5.99233  4.85947    134 i - - -
          2.68618  4.42225  2.77519  2.73123  3.46354  2.40513  3.72494  3.29354  2.67741  2.69355  4.24690  2.90347  2.73739  3.18146  2.89801  2.37887  2.77519  2.98518  4.58477  3.61503
          0.00771  5.26499  5.98733  0.61958  0.77255  0.48576  0.95510
     89   4.46294  6.70841  0.17278  3.50614  6.42417  3.54547  5.33535  6.22142  4.65987  5.62922  6.64485  4.08956  5.17659  4.58627  5.34837  4.34893  4.86024  5.66727  7.39326  6.12423    135 D - - -
          2.68618  4.42225  2.77519  2.73123  3.46354  2.40513  3.72494  3.29354  2.67741  2.69355  4.24690  2.90347  2.73739  3.18146  2.89801  2.37887  2.77519  2.98518  4.58477  3.61503
          0.00771  5.26499  5.98733  0.61958  0.77255  0.48576  0.95510
     90   3.13047  4.51311  5.00510  4.39697  3.07944  4.29635  3.61688  2.39184  4.20146  0.85103  3.55695  4.42874  4.65085  3.93545  4.23911  3.60589  3.07799  2.08636  5.12585  3.95387    136 l - - -
          2.68618  4.42225  2.77519  2.73123  3.46354  2.40513  3.72494  3.29354  2.67741  2.69355  4.24690  2.90347  2.73739  3.18146  2.89801  2.37887  2.77519  2.98518  4.58477  3.61503
          0.00771  5.26499  5.98733  0.61958  0.77255  0.48576  0.95510
     91   2.50368  3.94944  4.87444  4.26986  3.30134  4.21185  4.54040  2.41348  4.08719  2.47036  3.57435  4.32508  4.57706  4.24668  4.14834  3.13478  1.20631  1.80397  5.08050  3.54602    137 t - - -
          2.68618  4.42225  2.77519  2.73123  3.46354  2.40513  3.72494  3.29354  2.67741  2.69355  4.24690  2.90347  2.73739  3.18146  2.89801  2.37887  2.77519  2.98518  4.58477  3.61503
          0.00771  5.26499  5.98733  0.61958  0.77255  0.48576  0.95510
     92   2.90043  4.65232  5.26174  4.65059  2.00678  4.48776  4.81104  1.88682  4.44298  1.12638  3.54702  4.64989  4.81743  4.54233  4.44239  3.80581  3.52634  2.37437  3.01625  4.08591    138 l - - -
          2.68618  4.42225  2.77519  2.73123  3.46354  2.40513  3.72494  3.29354  2.67741  2.69355  4.24690  2.90347  2.73739  3.18146  2.89801  2.37887  2.77519  2.98518  4.58477  3.61503
          0.00771  5.26499  5.98733  0.61958  0.77255  0.48576  0.95510
     93   1.73115  4.70736  4.01402  3.44697  3.54141  3.00232  4.31542  3.21261  3.39230  2.69242  3.83224  3.82008  4.41375  3.68302  3.43536  2.29566  1.74987  2.11047  5.31471  4.09029    139 a - - -
          2.68620  4.42227  2.77522  2.73126  3.46356  2.40506  3.72497  3.29334  2.67731  2.69357  4.24692  2.90349  2.73742  3.18149  2.89803  2.37889  2.77522  2.98521  4.58479  3.61505
          0.02319  3.89173  5.98733  0.81223  0.58675  0.48576  0.95510
     94   2.90927  5.51355  2.97281  2.75371  4.88803  2.57823  4.04682  4.36619  2.58654  3.86174  4.61270  2.13484  4.22491  3.15397  3.30088  1.40691  2.14244  3.93429  6.00621  4.60191    143 s - - -
          2.68618  4.42225  2.77519  2.73123  3.46354  2.40513  3.72494  3.29354  2.67741  2.69355  4.24690  2.90347  2.73739  3.18146  2.89801  2.37887  2.77519  2.98518  4.58477  3.61503
          0.00771  5.26499  5.98733  0.61958  0.77255  0.48576  0.95510
     95   2.40193  5.50108  2.08842  2.32260  4.84462  3.08059  3.22655  4.32953  2.60086  3.80571  4.03886  2.53574  2.70597  2.74625  3.18341  2.55515  2.57182  3.28185  5.93467  4.08456    144 d - - -
          2.68618  4.42225  2.77519  2.73123  3.46354  2.40513  3.72494  3.29354  2.67741  2.69355  4.24690  2.90347  2.73739  3.18146  2.89801  2.37887  2.77519  2.98518  4.58477  3.61503
          0.00771  5.26499  5.98733  0.61958  0.77255  0.48576  0.95510
     96   2.76018  5.49383  2.27337  2.29785  4.83423  3.37457  3.62888  4.31693  2.35882  3.30067  4.53573  2.32851  2.40734  3.05514  3.18586  2.16709  3.01234  3.09992  4.66521  4.52118    145 s - - -
          2.68618  4.42225  2.77519  2.73123  3.46354  2.40513  3.72494  3.29354  2.67741  2.69355  4.24690  2.90347  2.73739  3.18146  2.89801  2.37887  2.77519  2.98518  4.58477  3.61503
          0.00771  5.26499  5.98733  0.61958  0.77255  0.48576  0.95510
     97   2.85399  4.61983  3.38328  3.05820  3.52645  3.77066  3.96475  1.93820  3.10445  1.51963  3.33758  3.38778  4.44893  3.79089  3.80394  3.17889  2.57952  2.32816  5.21860  3.63388    146 l - - -
          2.68618  4.42225  2.77519  2.73123  3.46354  2.40513  3.72494  3.29354  2.67741  2.69355  4.24690  2.90347  2.73739  3.18146  2.89801  2.37887  2.77519  2.98518  4.58477  3.61503
          0.00771  5.26499  5.98733  0.61958  0.77255  0.48576  0.95510
     98   1.97056  5.12938  3.45788  2.89910  3.51530  3.58865  3.19257  3.03696  2.78034  2.44581  4.20633  2.67411  3.86386  2.62003  2.72209  2.49335  2.69011  2.77358  5.64710  4.32971    147 a - - -
          2.68618  4.42225  2.77519  2.73123  3.46354  2.40513  3.72494  3.29354  2.67741  2.69355  4.24690  2.90347  2.73739  3.18146  2.89801  2.37887  2.77519  2.98518  4.58477  3.61503
          0.00771  5.26499  5.98733  0.61958  0.77255  0.48576  0.95510
     99   2.64520  4.43312  2.88633  2.47924  3.68327  3.04112  3.46338  2.83384  2.58922  2.73105  3.75197  2.75567  2.84440  2.82086  2.59425  2.73198  2.92172  2.79531  5.80771  4.44078    148 e - - -
          2.68618  4.42225  2.77519  2.73123  3.46354  2.40513  3.72494  3.29354  2.67741  2.69355  4.24690  2.90347  2.73739  3.18146  2.89801  2.37887  2.77519  2.98518  4.58477  3.61503
          0.00771  5.26499  5.98733  0.61958  0.77255  0.48576  0.95510
    100   2.58921  4.28121  2.71533  2.53113  4.10509  3.79498  2.88659  3.13234  2.49151  2.68638  4.01341  2.96271  3.40441  2.81676  2.38233  2.43526  2.98996  2.87197  5.83511  3.74686    149 r - - -
          2.68627  4.42178  2.77541  2.73166  3.46393  2.40578  3.72495  3.29220  2.67775  2.69379  4.24648  2.90346  2.73812  3.18173  2.89782  2.37893  2.77497  2.98378  4.57706  3.61548
          0.88300  0.85082  1.83638  1.13987  0.38546  0.48576  0.95510
    101   2.63185  3.60894  3.12262  2.67471  4.37507  3.75137  3.45001  3.79373  2.07455  3.39370  3.81285  2.79737  4.14130  3.10217  2.55860  2.57993  2.54679  2.20905  3.44436  3.84839    155 k - - -
          2.68618  4.42225  2.77519  2.73123  3.46354  2.40513  3.72494  3.29354  2.67741  2.69355  4.24690  2.90347  2.73739  3.18146  2.89801  2.37887  2.77519  2.98518  4.58477  3.61503
          0.00915  5.09434  5.81668  0.61958  0.77255  0.62594  0.76520
    102   2.79660  2.63561  2.80294  2.46523  4.13481  3.54669  3.38021  3.16341  2.70282  2.21708  3.71528  3.09048  4.23469  3.27863  3.17264  2.78818  2.87877  2.92797  2.69792  3.81112    156 l - - -
          2.68618  4.42225  2.77519  2.73123  3.46354  2.40513  3.72494  3.29354  2.67741  2.69355  4.24690  2.90347  2.73739  3.18146  2.89801  2.37887  2.77519  2.98518  4.58477  3.61503
          0.00852  5.16530  5.88764  0.61958  0.77255  0.55736  0.85032
    103   2.56529  5.37988  2.72217  2.26086  3.85259  3.40445  3.02983  2.97908  2.63208  2.78814  4.43134  2.96116  3.54781  2.66937  2.66781  2.29669  3.05515  3.22678  3.73791  3.95889    157 e - - -
          2.68618  4.42225  2.77519  2.73123  3.46354  2.40513  3.72494  3.29354  2.67741  2.69355  4.24690  2.90347  2.73739  3.18146  2.89801  2.37887  2.77519  2.98518  4.58477  3.61503
          0.00813  5.21147  5.93382  0.61958  0.77255  0.38998  1.13032
    104   2.73546  5.35099  2.43092  2.44930  3.49928  3.17787  3.46361  2.77879  2.46469  2.72445  4.40800  2.76949  3.51338  2.78119  3.07684  2.99392  2.70195  2.67223  5.82147  3.26551    158 d - - -
          2.68618  4.42225  2.77519  2.73123  3.46354  2.40513  3.72494  3.29354  2.67741  2.69355  4.24690  2.90347  2.73739  3.18146  2.89801  2.37887  2.77519  2.98518  4.58477  3.61503
          0.00771  5.26499  5.98733  0.61958  0.77255  0.48576  0.95510
    105   2.73957  5.28443  2.92343  2.28586  3.90811  3.81442  2.85162  3.41164  2.79233  2.45409  4.34786  2.94324  2.99330  3.14586  2.97714  2.31579  2.49619  2.85529  5.76997  3.13856    159 e - - -
          2.68618  4.42225  2.77519  2.73123  3.46354  2.40513  3.72494  3.29354  2.67741  2.69355  4.24690  2.90347  2.73739  3.18146  2.89801  2.37887  2.77519  2.98518  4.58477  3.61503
          0.10753  5.26499  2.33532  0.61958  0.77255  0.48576  0.95510
    106   2.72744  5.37165  2.77255  2.08868  4.09702  2.48933  3.07345  3.08994  2.67909  3.29148  4.42176  2.63670  3.21604  2.92559  2.80518  2.79705  2.69464  2.99272  4.36261  4.06687    160 e - - -
          2.68618  4.42225  2.77519  2.73123  3.46354  2.40513  3.72494  3.29354  2.67741  2.69355  4.24690  2.90347  2.73739  3.18146  2.89801  2.37887  2.77519  2.98518  4.58477  3.61503
          0.07129  5.16597  2.76307  0.61958  0.77255  0.78325  0.61049
    107   2.55487  4.52925  2.69847  2.26936  3.28254  2.95108  3.71316  3.32863  2.75204  2.89752  4.21451  2.98067  2.51268  2.94509  3.21819  2.84477  2.26612  3.28424  4.56074  3.78066    161 t - - -
          2.68618  4.42225  2.77519  2.73123  3.46354  2.40513  3.72494  3.29354  2.67741  2.69355  4.24690  2.90347  2.73739  3.18146  2.89801  2.37887  2.77519  2.98518  4.58477  3.61503
          0.00906  5.10375  5.82610  0.61958  0.77255  0.92227  0.50686
    108   2.67995  4.42703  2.12998  2.09811  4.70173  3.36841  3.17403  3.76451  2.57278  3.07846  4.42475  2.63039  2.97031  2.71853  3.12503  2.78281  2.84925  3.23762  4.63622  3.40702    162 e - - -
          2.68618  4.42225  2.77519  2.73123  3.46354  2.40513  3.72494  3.29354  2.67741  2.69355  4.24690  2.90347  2.73739  3.18146  2.89801  2.37887  2.77519  2.98518  4.58477  3.61503
          0.00906  5.10375  5.82610  0.61958  0.77255  0.28592  1.39161
    109   2.91557  3.97607  4.86744  4.26149  2.86302  3.06770  2.84169  2.74439  4.07690  1.92779  2.79651  4.31366  4.56448  4.23473  4.13534  2.01965  2.64629  2.44747  3.27617  2.61183    163 l - - -
          2.68618  4.42225  2.77519  2.73123  3.46354  2.40513  3.72494  3.29354  2.67741  2.69355  4.24690  2.90347  2.73739  3.18146  2.89801  2.37887  2.77519  2.98518  4.58477  3.61503
          0.00771  5.26499  5.98733  0.61958  0.77255  0.48576  0.95510
    110   3.01558  4.05529  3.03671  2.98270  3.09169  1.86505  3.76261  3.26063  3.06928  2.05102  3.19891  3.02464  4.31173  3.20121  3.48174  2.26681  2.80132  3.21147  5.47481  4.20464    164 g - - -
          2.68618  4.42225  2.77519  2.73123  3.46354  2.40513  3.72494  3.29354  2.67741  2.69355  4.24690  2.90347  2.73739  3.18146  2.89801  2.37887  2.77519  2.98518  4.58477  3.61503
          0.00771  5.26499  5.98733  0.61958  0.77255  0.48576  0.95510
    111   2.96285  5.10342  4.43450  4.17008  4.75281  3.92234  5.09734  4.48927  4.14297  3.72528  5.07798  4.28706  4.66622  4.47604  4.40650  0.33784  3.68393  4.02026  6.22502  4.02431    165 S - - -
          2.68618  4.42225  2.77519  2.73123  3.46354  2.40513  3.72494  3.29354  2.67741  2.69355  4.24690  2.90347  2.73739  3.18146  2.89801  2.37887  2.77519  2.98518  4.58477  3.61503
          0.00771  5.26499  5.98733  0.61958  0.77255  0.48576  0.95510
    112   4.20771  6.82023  0.24458  3.08164  6.20182  4.17796  4.96443  5.96858  4.27174  5.38843  6.38140  3.14861  4.91861  4.18345  5.04458  4.02993  4.57746  5.43531  7.38077  5.79342    166 D - - -
          2.68618  4.42225  2.77519  2.73123  3.46354  2.40513  3.72494  3.29354  2.67741  2.69355  4.24690  2.90347  2.73739  3.18146  2.89801  2.37887  2.77519  2.98518  4.58477  3.61503
          0.00771  5.26499  5.98733  0.61958  0.77255  0.48576  0.95510
    113   5.47921  6.70637  5.49584  5.48447  5.28550  5.28738  0.06388  6.47745  5.40745  5.68917  6.94236  5.79274  5.92862  5.91716  5.49509  5.61417  5.87828  6.16218  6.59258  5.23866    167 H - - -
          2.68618  4.42225  2.77519  2.73123  3.46354  2.40513  3.72494  3.29354  2.67741  2.69355  4.24690  2.90347  2.73739  3.18146  2.89801  2.37887  2.77519  2.98518  4.58477  3.61503
          0.00771  5.26499  5.98733  0.61958  0.77255  0.48576  0.95510
    114   2.73076  4.45253  3.60487  3.04362  3.30502  3.51763  3.78261  3.09716  2.63377  2.15240  4.05483  2.77727  2.63663  3.04881  2.12058  2.57725  3.24486  2.94356  4.52436  3.54025    168 r - - -
          2.68618  4.42225  2.77519  2.73123  3.46354  2.40513  3.72494  3.29354  2.67741  2.69355  4.24690  2.90347  2.73739  3.18146  2.89801  2.37887  2.77519  2.98518  4.58477  3.61503
          0.00771  5.26499  5.98733  0.61958  0.77255  0.48576  0.95510
    115   2.26788  4.73858  3.49802  3.34778  2.97818  2.85925  4.26285  2.77046  2.95949  2.63245  3.84221  3.75011  1.96655  3.60132  3.65187  2.72318  3.25727  2.82660  5.32150  2.23259    169 p - - -
          2.68618  4.42225  2.77519  2.73123  3.46354  2.40513  3.72494  3.29354  2.67741  2.69355  4.24690  2.90347  2.73739  3.18146  2.89801  2.37887  2.77519  2.98518  4.58477  3.61503
          0.00771  5.26499  5.98733  0.61958  0.77255  0.48576  0.95510
    116   3.13425  4.50674  5.04108  4.43713  3.37429  4.31959  4.66280  1.11754  3.75293  2.36059  3.26299  4.45970  4.67783  4.39152  4.28017  3.16607  2.71407  1.57339  5.17228  3.99300    170 i - - -
          2.68618  4.42225  2.77519  2.73123  3.46354  2.40513  3.72494  3.29354  2.67741  2.69355  4.24690  2.90347  2.73739  3.18146  2.89801  2.37887  2.77519  2.98518  4.58477  3.61503
          0.00771  5.26499  5.98733  0.61958  0.77255  0.48576  0.95510
    117   2.23268  3.90896  3.82015  2.54692  2.85034  4.07457  3.57459  2.26329  3.32474  2.21037  3.46859  3.92326  4.44910  3.79144  2.60662  2.91173  2.94180  2.41791  5.21834  2.82515    171 l - - -
          2.68618  4.42225  2.77519  2.73123  3.46354  2.40513  3.72494  3.29354  2.67741  2.69355  4.24690  2.90347  2.73739  3.18146  2.89801  2.37887  2.77519  2.98518  4.58477  3.61503
          0.00520  5.26247        *  0.61958  0.77255  0.00000        *
//
