HMMER3/f [3.3 | Nov 2019]
NAME  Helitron_like_N
ACC   PF14214.11
DESC  Helitron helicase-like domain at N-terminus
LENG  191
ALPH  amino
RF    no
MM    no
CONS  yes
CS    no
MAP   yes
DATE  Wed Sep 25 19:59:10 2024
NSEQ  69
EFFN  3.474426
CKSUM 1117025153
GA    28.9 28.9;
TC    28.9 28.9;
NC    28.8 28.8;
BM    hmmbuild HMM.ann SEED.ann
SM    hmmsearch -E 1000 -Z 81514348 --cpu 4 HMM pfamseq
STATS LOCAL MSV      -10.2189  0.70593
STATS LOCAL VITERBI  -11.3624  0.70593
STATS LOCAL FORWARD   -4.3441  0.70593
HMM          A        C        D        E        F        G        H        I        K        L        M        N        P        Q        R        S        T        V        W        Y   
            m->m     m->i     m->d     i->m     i->i     d->m     d->d
  COMPO   2.56834  4.34690  3.06290  2.72440  3.08751  3.03917  3.35576  2.89711  2.74209  2.46385  3.54546  3.10303  3.32935  2.94934  2.77470  2.68392  2.80722  2.68692  4.44741  3.43699
          2.68618  4.42225  2.77519  2.73123  3.46354  2.40513  3.72494  3.29354  2.67741  2.69355  4.24690  2.90347  2.73739  3.18146  2.89801  2.37887  2.77519  2.98518  4.58477  3.61503
          0.32725  5.04357  1.29959  0.61958  0.77255  0.00000        *
      1   4.85801  5.74062  5.65602  5.62520  1.62824  5.29855  3.88866  4.43122  5.39186  3.56248  4.94046  4.80961  5.54301  4.99593  5.15839  4.70708  5.04324  4.38140  1.68791  0.75349      1 y - - -
          2.68618  4.42225  2.77519  2.73123  3.46354  2.40513  3.72494  3.29354  2.67741  2.69355  4.24690  2.90347  2.73739  3.18146  2.89801  2.37887  2.77519  2.98518  4.58477  3.61503
          0.01321  4.72953  5.45188  0.61958  0.77255  0.59334  0.80403
      2   1.93011  3.82598  4.61668  3.75999  2.65281  4.00045  3.37060  2.28068  3.84163  2.29827  3.38059  4.09383  4.36616  4.01018  3.92069  3.30255  3.08674  2.05452  4.88016  2.01655      2 a - - -
          2.68618  4.42225  2.77519  2.73123  3.46354  2.40513  3.72494  3.29354  2.67741  2.69355  4.24690  2.90347  2.73739  3.18146  2.89801  2.37887  2.77519  2.98518  4.58477  3.61503
          0.01123  4.89052  5.61286  0.61958  0.77255  0.68843  0.69789
      3   2.05778  4.70622  3.01748  2.50190  4.65349  3.62731  3.81538  4.12896  1.96474  3.62166  4.36741  2.82383  4.02036  2.43055  2.08247  2.56159  2.95080  3.48474  5.76395  3.67716      3 k - - -
          2.68618  4.42225  2.77519  2.73123  3.46354  2.40513  3.72494  3.29354  2.67741  2.69355  4.24690  2.90347  2.73739  3.18146  2.89801  2.37887  2.77519  2.98518  4.58477  3.61503
          0.01081  4.92823  5.65057  0.61958  0.77255  0.56765  0.83668
      4   2.61578  4.36770  4.37481  3.78718  2.13656  4.00040  2.39565  2.73474  3.48344  2.44699  3.35207  3.98736  4.36957  3.50740  3.58690  3.16294  3.12780  2.46768  2.99614  2.08299      4 y - - -
          2.68618  4.42225  2.77519  2.73123  3.46354  2.40513  3.72494  3.29354  2.67741  2.69355  4.24690  2.90347  2.73739  3.18146  2.89801  2.37887  2.77519  2.98518  4.58477  3.61503
          0.01029  4.97785  5.70019  0.61958  0.77255  0.47374  0.97463
      5   2.31432  3.67605  4.10677  3.52988  3.58736  3.96335  3.57683  2.75756  3.31339  1.87541  2.96067  3.36554  4.33691  3.54756  2.02849  3.23186  2.92018  2.35873  5.07471  3.02880      5 l - - -
          2.68618  4.42225  2.77519  2.73123  3.46354  2.40513  3.72494  3.29354  2.67741  2.69355  4.24690  2.90347  2.73739  3.18146  2.89801  2.37887  2.77519  2.98518  4.58477  3.61503
          0.00984  5.02186  5.74421  0.61958  0.77255  0.54710  0.86424
      6   3.38267  4.12945  5.55753  4.95786  3.27518  4.86703  5.19419  2.03852  4.77993  0.71260  2.23743  5.02530  5.09946  4.80269  4.76733  4.20563  3.82852  2.65959  5.48486  4.41174      6 l - - -
          2.68635  4.42181  2.77536  2.73140  3.46344  2.40530  3.72511  3.29371  2.67712  2.69337  4.24707  2.90335  2.73756  3.18054  2.89770  2.37897  2.77536  2.98535  4.58435  3.61520
          0.58594  0.88984  3.42052  0.06914  2.70602  0.54710  0.86424
      7   2.89451  3.90295  3.90254  3.33159  2.78599  3.90620  2.23118  2.86520  3.27171  2.63154  3.04477  3.39046  4.28298  2.36114  2.55437  3.16100  3.12629  2.80851  3.58281  2.64527      8 h - - -
          2.68618  4.42225  2.77519  2.73123  3.46354  2.40513  3.72494  3.29354  2.67741  2.69355  4.24690  2.90347  2.73739  3.18146  2.89801  2.37887  2.77519  2.98518  4.58477  3.61503
          0.47695  4.99192  0.98742  0.61958  0.77255  0.62401  0.76742
      8   2.53875  4.96312  2.86616  2.28047  3.48666  3.52587  2.20124  3.33065  2.43098  3.22864  4.02903  3.04285  3.91650  2.86429  2.60663  2.60443  2.93794  3.05793  5.45418  3.63159      9 h - - -
          2.68618  4.42225  2.77519  2.73123  3.46354  2.40513  3.72494  3.29354  2.67741  2.69355  4.24690  2.90347  2.73739  3.18146  2.89801  2.37887  2.77519  2.98518  4.58477  3.61503
          0.01613  4.53110  5.25345  0.61958  0.77255  1.26557  0.33140
      9   3.00251  5.53454  1.22551  2.24545  4.84231  2.32045  3.39436  4.34058  2.77163  3.83019  4.62185  2.95965  4.02733  3.02520  3.11309  2.72170  3.26112  3.91293  5.98341  4.52725     10 d - - -
          2.68618  4.42225  2.77519  2.73123  3.46354  2.40513  3.72494  3.29354  2.67741  2.69355  4.24690  2.90347  2.73739  3.18146  2.89801  2.37887  2.77519  2.98518  4.58477  3.61503
          0.01613  4.53110  5.25345  0.61958  0.77255  0.22994  1.58271
     10   2.67887  4.22941  2.62403  2.54567  4.07680  2.12173  3.91762  2.96489  2.59970  3.19759  3.57688  3.23957  3.36520  2.88565  2.53215  2.71749  2.88935  2.94947  5.61448  3.58267     11 g - - -
          2.68618  4.42225  2.77519  2.73123  3.46354  2.40513  3.72494  3.29354  2.67741  2.69355  4.24690  2.90347  2.73739  3.18146  2.89801  2.37887  2.77519  2.98518  4.58477  3.61503
          0.00984  5.02186  5.74421  0.61958  0.77255  0.49291  0.94379
     11   3.33608  5.71478  4.01134  3.27520  5.16924  4.19817  3.39927  4.50932  2.13657  3.93759  4.16538  3.69351  4.53903  3.03234  0.67312  3.51704  3.28780  4.17592  5.98203  4.80102     12 R - - -
          2.68618  4.42225  2.77519  2.73123  3.46354  2.40513  3.72494  3.29354  2.67741  2.69355  4.24690  2.90347  2.73739  3.18146  2.89801  2.37887  2.77519  2.98518  4.58477  3.61503
          0.00973  5.03368  5.75602  0.61958  0.77255  0.46830  0.98368
     12   2.55539  5.17473  3.12456  2.34307  1.69063  3.34787  3.91315  3.86500  2.37794  3.20026  4.23895  3.12349  3.25220  3.04752  2.72600  2.76346  2.97574  3.17919  5.66193  4.30906     13 f - - -
          2.68618  4.42225  2.77519  2.73123  3.46354  2.40513  3.72494  3.29354  2.67741  2.69355  4.24690  2.90347  2.73739  3.18146  2.89801  2.37887  2.77519  2.98518  4.58477  3.61503
          0.00963  5.04357  5.76592  0.61958  0.77255  0.48576  0.95510
     13   1.82634  5.39223  2.68445  2.24085  4.73206  2.60550  3.63531  3.79426  2.59408  3.44584  4.43428  2.68205  3.63163  2.55176  2.75255  2.56790  2.98637  3.47159  5.82806  4.42027     14 a - - -
          2.68618  4.42225  2.77519  2.73123  3.46354  2.40513  3.72494  3.29354  2.67741  2.69355  4.24690  2.90347  2.73739  3.18146  2.89801  2.37887  2.77519  2.98518  4.58477  3.61503
          0.08469  5.04357  2.59359  0.61958  0.77255  0.48576  0.95510
     14   2.79256  5.35641  2.79664  2.07548  4.06791  3.45777  3.82742  3.27069  2.23889  3.65856  4.39900  2.84018  4.03295  2.27580  2.03034  2.75988  2.69920  3.26163  5.79343  4.38696     15 r - - -
          2.68618  4.42225  2.77519  2.73123  3.46354  2.40513  3.72494  3.29354  2.67741  2.69355  4.24690  2.90347  2.73739  3.18146  2.89801  2.37887  2.77519  2.98518  4.58477  3.61503
          0.01038  4.96926  5.69160  0.61958  0.77255  0.38235  1.14650
     15   2.56805  3.87085  2.37362  2.45794  2.46923  3.55639  2.01073  4.04078  2.55886  3.57363  4.34218  3.08391  3.17923  2.68904  3.12481  2.88517  3.12963  3.65375  5.75057  4.36972     16 h - - -
          2.68618  4.42225  2.77519  2.73123  3.46354  2.40513  3.72494  3.29354  2.67741  2.69355  4.24690  2.90347  2.73739  3.18146  2.89801  2.37887  2.77519  2.98518  4.58477  3.61503
          0.00963  5.04357  5.76592  0.61958  0.77255  0.48576  0.95510
     16   2.66821  4.26478  3.04933  2.52295  4.67973  3.41524  3.17812  4.15144  2.52688  2.98403  4.40137  2.43942  2.24014  2.65604  3.03020  1.94384  2.95367  3.73477  5.80042  4.40223     17 s - - -
          2.68618  4.42225  2.77519  2.73123  3.46354  2.40513  3.72494  3.29354  2.67741  2.69355  4.24690  2.90347  2.73739  3.18146  2.89801  2.37887  2.77519  2.98518  4.58477  3.61503
          0.00963  5.04357  5.76592  0.61958  0.77255  0.48576  0.95510
     17   2.56728  5.16436  3.26099  2.58608  4.42134  3.56199  3.70680  2.79302  2.49476  3.12497  3.60083  2.93585  2.65590  2.76134  2.29288  2.65542  2.41629  3.07826  5.65369  3.59876     18 r - - -
          2.68618  4.42225  2.77519  2.73123  3.46354  2.40513  3.72494  3.29354  2.67741  2.69355  4.24690  2.90347  2.73739  3.18146  2.89801  2.37887  2.77519  2.98518  4.58477  3.61503
          0.42256  5.04357  1.08416  0.61958  0.77255  0.48576  0.95510
     18   3.83453  5.07269  5.13854  4.78174  0.81566  4.70542  3.88926  3.60541  4.59802  2.69634  4.21650  4.47203  5.01482  4.53169  4.57385  3.05732  4.05279  3.46700  3.34801  1.62620     19 f - - -
          2.68618  4.42225  2.77519  2.73123  3.46354  2.40513  3.72494  3.29354  2.67741  2.69355  4.24690  2.90347  2.73739  3.18146  2.89801  2.37887  2.77519  2.98518  4.58477  3.61503
          0.01452  4.63552  5.35787  0.61958  0.77255  0.24378  1.53089
     19   2.55469  4.40968  4.31807  3.73348  3.36216  3.69756  4.30625  2.20219  3.62308  1.63604  3.09485  3.96491  3.30426  2.95646  2.42734  3.05252  3.14782  2.38446  4.44433  3.42255     20 l - - -
          2.68618  4.42225  2.77519  2.73123  3.46354  2.40513  3.72494  3.29354  2.67741  2.69355  4.24690  2.90347  2.73739  3.18146  2.89801  2.37887  2.77519  2.98518  4.58477  3.61503
          0.00978  5.02815  5.75050  0.61958  0.77255  0.52984  0.88843
     20   2.95798  3.84245  4.72297  4.12534  1.52004  3.01715  2.58702  2.41208  3.94959  1.98938  3.47832  4.19021  4.46472  4.11103  4.02235  3.40396  3.18991  2.61186  4.90430  2.71828     21 f - - -
          2.68618  4.42225  2.77519  2.73123  3.46354  2.40513  3.72494  3.29354  2.67741  2.69355  4.24690  2.90347  2.73739  3.18146  2.89801  2.37887  2.77519  2.98518  4.58477  3.61503
          0.00978  5.02815  5.75050  0.61958  0.77255  0.52984  0.88843
     21   2.46520  4.02338  4.14015  3.34585  2.95143  3.97283  3.11349  2.60711  3.30509  2.03610  3.41667  3.28419  4.34591  3.16215  2.87248  3.24339  2.81172  1.98412  5.06807  2.74295     22 v - - -
          2.68618  4.42225  2.77519  2.73123  3.46354  2.40513  3.72494  3.29354  2.67741  2.69355  4.24690  2.90347  2.73739  3.18146  2.89801  2.37887  2.77519  2.98518  4.58477  3.61503
          0.00978  5.02815  5.75050  0.61958  0.77255  0.45915  0.99918
     22   1.76496  3.25179  4.63978  4.04038  2.89430  2.43785  4.38675  2.61319  3.87738  2.44815  3.00832  4.14256  4.43332  4.05498  3.97390  2.47448  3.15981  1.89018  4.96398  3.52927     23 a - - -
          2.68618  4.42225  2.77519  2.73123  3.46354  2.40513  3.72494  3.29354  2.67741  2.69355  4.24690  2.90347  2.73739  3.18146  2.89801  2.37887  2.77519  2.98518  4.58477  3.61503
          0.00963  5.04357  5.76592  0.61958  0.77255  0.48576  0.95510
     23   2.83346  5.01699  3.38078  2.81978  1.92157  2.17177  3.63870  3.63264  2.47564  2.92057  4.09550  3.20911  4.15414  2.81481  2.35454  2.97731  3.14489  3.33558  5.53354  3.55127     24 f - - -
          2.68618  4.42225  2.77519  2.73123  3.46354  2.40513  3.72494  3.29354  2.67741  2.69355  4.24690  2.90347  2.73739  3.18146  2.89801  2.37887  2.77519  2.98518  4.58477  3.61503
          0.00963  5.04357  5.76592  0.61958  0.77255  0.48576  0.95510
     24   2.89552  4.65349  2.85458  2.62897  4.00578  3.05983  3.87701  3.57401  2.21028  3.41141  3.97213  1.76490  4.07786  2.98758  2.14124  2.73365  2.80847  3.67714  5.76439  3.89560     25 n - - -
          2.68618  4.42225  2.77519  2.73123  3.46354  2.40513  3.72494  3.29354  2.67741  2.69355  4.24690  2.90347  2.73739  3.18146  2.89801  2.37887  2.77519  2.98518  4.58477  3.61503
          0.00963  5.04357  5.76592  0.61958  0.77255  0.48576  0.95510
     25   3.01658  4.40426  4.85312  4.24809  3.45284  4.18115  3.49044  2.08367  4.06211  1.18287  2.55412  4.30008  4.53522  4.21087  4.11468  3.48938  2.35490  2.25556  5.02518  3.85470     26 l - - -
          2.68618  4.42225  2.77519  2.73123  3.46354  2.40513  3.72494  3.29354  2.67741  2.69355  4.24690  2.90347  2.73739  3.18146  2.89801  2.37887  2.77519  2.98518  4.58477  3.61503
          0.00963  5.04357  5.76592  0.61958  0.77255  0.48576  0.95510
     26   2.92183  4.45024  3.49278  3.22070  1.89601  2.70573  4.28414  2.49445  3.54017  2.11613  2.89856  3.90692  4.36626  3.50082  3.53323  2.89878  2.47763  2.49605  4.47150  3.85540     27 f - - -
          2.68618  4.42225  2.77519  2.73123  3.46354  2.40513  3.72494  3.29354  2.67741  2.69355  4.24690  2.90347  2.73739  3.18146  2.89801  2.37887  2.77519  2.98518  4.58477  3.61503
          0.00963  5.04357  5.76592  0.61958  0.77255  0.48576  0.95510
     27   2.90422  4.28837  3.39040  2.45295  4.18601  3.76563  3.75216  3.40780  2.81603  3.08759  2.63861  3.21984  4.15334  1.43382  3.05966  2.86866  2.90442  2.68388  5.50619  4.19959     28 q - - -
          2.68618  4.42225  2.77519  2.73123  3.46354  2.40513  3.72494  3.29354  2.67741  2.69355  4.24690  2.90347  2.73739  3.18146  2.89801  2.37887  2.77519  2.98518  4.58477  3.61503
          0.21377  5.04357  1.68193  0.61958  0.77255  0.48576  0.95510
     28   2.86145  5.30412  3.13966  2.18974  4.63819  3.63532  3.49311  3.64753  2.27462  2.85140  4.35147  3.11207  4.02495  1.75189  2.06795  2.69298  3.08823  3.68969  5.73400  4.35335     29 q - - -
          2.68618  4.42225  2.77519  2.73123  3.46354  2.40513  3.72494  3.29354  2.67741  2.69355  4.24690  2.90347  2.73739  3.18146  2.89801  2.37887  2.77519  2.98518  4.58477  3.61503
          0.01180  4.84160  5.56395  0.61958  0.77255  0.91667  0.51057
     29   2.73738  4.51218  3.76078  3.19165  2.25183  3.81966  3.24174  3.00256  2.76722  2.57939  3.61718  3.58075  4.19781  2.76624  3.28129  2.72664  2.89419  2.67150  3.37196  2.19922     30 y - - -
          2.68618  4.42225  2.77519  2.73123  3.46354  2.40513  3.72494  3.29354  2.67741  2.69355  4.24690  2.90347  2.73739  3.18146  2.89801  2.37887  2.77519  2.98518  4.58477  3.61503
          0.28563  4.84160  1.42475  0.61958  0.77255  0.91667  0.51057
     30   2.52543  2.84822  4.65702  4.05146  3.24773  3.94353  4.28095  1.94256  3.85814  1.99770  2.97574  4.07901  4.30315  4.00640  3.89808  3.25425  2.88216  1.57692  4.20428  3.61671     31 v - - -
          2.68618  4.42225  2.77519  2.73123  3.46354  2.40513  3.72494  3.29354  2.67741  2.69355  4.24690  2.90347  2.73739  3.18146  2.89801  2.37887  2.77519  2.98518  4.58477  3.61503
          0.01548  4.57145  5.29380  0.61958  0.77255  1.23169  0.34503
     31   3.38543  3.80583  5.40489  4.91676  4.01847  4.86632  5.55795  1.48203  4.82894  2.55491  3.79895  5.04198  5.16153  5.07408  4.98155  4.27384  3.65261  0.71122  5.98320  4.76256     32 v - - -
          2.68618  4.42225  2.77519  2.73123  3.46354  2.40513  3.72494  3.29354  2.67741  2.69355  4.24690  2.90347  2.73739  3.18146  2.89801  2.37887  2.77519  2.98518  4.58477  3.61503
          0.01548  4.57145  5.29380  0.61958  0.77255  1.23169  0.34503
     32   3.28239  5.90868  0.78554  2.19519  5.21732  3.52279  4.09401  4.75537  3.14671  4.22890  5.07920  2.65823  4.16079  3.26046  3.77463  2.87510  3.16852  4.30197  6.38700  4.84753     33 d - - -
          2.68618  4.42225  2.77519  2.73123  3.46354  2.40513  3.72494  3.29354  2.67741  2.69355  4.24690  2.90347  2.73739  3.18146  2.89801  2.37887  2.77519  2.98518  4.58477  3.61503
          0.01548  4.57145  5.29380  0.61958  0.77255  1.23169  0.34503
     33   2.05259  3.87646  3.87496  3.29950  3.41318  3.03591  4.04180  2.69843  3.22280  2.33554  2.57186  3.61906  4.13691  3.02784  3.49863  2.72218  2.64815  2.21919  4.89666  3.21245     34 a - - -
          2.68618  4.42225  2.77519  2.73123  3.46354  2.40513  3.72494  3.29354  2.67741  2.69355  4.24690  2.90347  2.73739  3.18146  2.89801  2.37887  2.77519  2.98518  4.58477  3.61503
          0.01548  4.57145  5.29380  0.61958  0.77255  1.23169  0.34503
     34   2.35884  3.91816  3.95163  3.37424  2.84805  3.46772  3.62895  2.73814  3.28615  2.47430  3.38720  3.66774  4.15578  3.54264  3.01132  2.83407  2.95633  2.53527  2.23368  2.52830     35 w - - -
          2.68618  4.42225  2.77519  2.73123  3.46354  2.40513  3.72494  3.29354  2.67741  2.69355  4.24690  2.90347  2.73739  3.18146  2.89801  2.37887  2.77519  2.98518  4.58477  3.61503
          0.01548  4.57145  5.29380  0.61958  0.77255  1.23169  0.34503
     35   1.95693  3.60335  4.34297  3.74891  2.96284  3.58558  4.16432  2.13651  3.60292  2.28639  3.27598  3.89102  4.21601  3.79673  3.73098  3.04163  2.22829  2.01138  4.77731  3.32446     36 a - - -
          2.68618  4.42225  2.77519  2.73123  3.46354  2.40513  3.72494  3.29354  2.67741  2.69355  4.24690  2.90347  2.73739  3.18146  2.89801  2.37887  2.77519  2.98518  4.58477  3.61503
          0.01548  4.57145  5.29380  0.61958  0.77255  0.20150  1.70103
     36   2.76351  3.83134  3.26043  2.70270  4.42940  3.71644  3.91504  3.36528  2.02182  3.05723  3.27317  3.00358  4.10706  2.28513  1.86998  2.63465  2.91512  3.29832  5.65838  4.30722     37 r - - -
          2.68618  4.42225  2.77519  2.73123  3.46354  2.40513  3.72494  3.29354  2.67741  2.69355  4.24690  2.90347  2.73739  3.18146  2.89801  2.37887  2.77519  2.98518  4.58477  3.61503
          0.00963  5.04357  5.76592  0.61958  0.77255  0.48576  0.95510
     37   1.99733  3.12176  3.79162  3.61735  3.27948  3.99067  4.27923  2.17863  3.04941  2.65485  3.01874  3.89607  4.36300  3.77418  2.90940  2.37434  2.84695  2.02472  5.06112  3.85971     38 a - - -
          2.68618  4.42225  2.77519  2.73123  3.46354  2.40513  3.72494  3.29354  2.67741  2.69355  4.24690  2.90347  2.73739  3.18146  2.89801  2.37887  2.77519  2.98518  4.58477  3.61503
          0.00963  5.04357  5.76592  0.61958  0.77255  0.48576  0.95510
     38   2.70118  5.39719  2.63772  1.60729  4.73910  3.66910  3.85642  3.66792  2.32467  3.24602  4.43871  2.59914  4.06252  2.67147  2.22911  2.76768  2.95379  3.78614  4.71431  4.42280     39 e - - -
          2.68618  4.42225  2.77519  2.73123  3.46354  2.40513  3.72494  3.29354  2.67741  2.69355  4.24690  2.90347  2.73739  3.18146  2.89801  2.37887  2.77519  2.98518  4.58477  3.61503
          0.00963  5.04357  5.76592  0.61958  0.77255  0.48576  0.95510
     39   2.28911  5.39863  2.97993  2.17736  4.74111  3.13511  3.71754  4.22527  2.42540  3.70280  4.43999  2.46121  4.06211  2.10471  2.92811  2.17353  2.74083  3.29569  5.83285  4.03054     40 q - - -
          2.68618  4.42225  2.77519  2.73123  3.46354  2.40513  3.72494  3.29354  2.67741  2.69355  4.24690  2.90347  2.73739  3.18146  2.89801  2.37887  2.77519  2.98518  4.58477  3.61503
          0.00963  5.04357  5.76592  0.61958  0.77255  0.48576  0.95510
     40   2.59561  4.44526  2.70837  2.24358  4.74083  3.21619  3.64522  4.22499  2.20335  3.12139  3.60599  2.47292  3.67477  2.78744  2.31776  2.20229  2.96074  3.78758  5.83255  4.42315     41 s - - -
          2.68618  4.42225  2.77519  2.73123  3.46354  2.40513  3.72494  3.29354  2.67741  2.69355  4.24690  2.90347  2.73739  3.18146  2.89801  2.37887  2.77519  2.98518  4.58477  3.61503
          0.00963  5.04357  5.76592  0.61958  0.77255  0.48576  0.95510
     41   2.42646  4.41490  3.18916  2.48919  4.60372  3.13676  3.56458  4.06117  2.52935  3.18780  3.85464  2.81484  4.07946  2.73988  1.64531  2.29022  3.12711  3.38900  5.75884  4.02330     42 r - - -
          2.68618  4.42225  2.77519  2.73123  3.46354  2.40513  3.72494  3.29354  2.67741  2.69355  4.24690  2.90347  2.73739  3.18146  2.89801  2.37887  2.77519  2.98518  4.58477  3.61503
          0.00963  5.04357  5.76592  0.61958  0.77255  0.48576  0.95510
     42   2.44946  4.49429  4.09046  3.51444  3.61007  3.05213  4.24806  2.76391  2.99090  1.45700  2.86048  3.82977  4.34220  3.69998  3.07770  2.49859  2.95320  2.32889  5.09478  3.88673     43 l - - -
          2.68618  4.42225  2.77519  2.73123  3.46354  2.40513  3.72494  3.29354  2.67741  2.69355  4.24690  2.90347  2.73739  3.18146  2.89801  2.37887  2.77519  2.98518  4.58477  3.61503
          0.00963  5.04357  5.76592  0.61958  0.77255  0.48576  0.95510
     43   2.57981  5.20493  3.04651  2.57206  2.76022  3.31265  3.25586  3.33139  2.52607  3.30296  4.26620  2.38163  4.09795  2.93031  2.62775  2.13951  2.87018  3.55452  3.98100  3.38854     44 s - - -
          2.68618  4.42225  2.77519  2.73123  3.46354  2.40513  3.72494  3.29354  2.67741  2.69355  4.24690  2.90347  2.73739  3.18146  2.89801  2.37887  2.77519  2.98518  4.58477  3.61503
          0.00963  5.04357  5.76592  0.61958  0.77255  0.48576  0.95510
     44   2.21567  4.34726  4.64211  4.04274  1.71754  3.74469  4.38544  2.78573  3.87911  2.34752  2.87079  4.14393  4.43469  3.22472  3.63170  3.36808  3.16137  2.45209  2.93975  2.39914     45 f - - -
          2.68618  4.42225  2.77519  2.73123  3.46354  2.40513  3.72494  3.29354  2.67741  2.69355  4.24690  2.90347  2.73739  3.18146  2.89801  2.37887  2.77519  2.98518  4.58477  3.61503
          0.00963  5.04357  5.76592  0.61958  0.77255  0.48576  0.95510
     45   2.55270  3.99464  4.85268  4.24046  3.01972  3.75620  4.06870  1.60256  4.03486  1.75025  3.43098  4.24493  4.46047  4.17422  4.05820  3.14868  3.16347  1.69216  4.93447  3.44200     46 i - - -
          2.68618  4.42225  2.77519  2.73123  3.46354  2.40513  3.72494  3.29354  2.67741  2.69355  4.24690  2.90347  2.73739  3.18146  2.89801  2.37887  2.77519  2.98518  4.58477  3.61503
          0.00963  5.04357  5.76592  0.61958  0.77255  0.48576  0.95510
     46   2.48572  5.32396  3.04374  2.62273  4.63618  3.68322  3.67479  4.09931  1.97312  2.88180  3.75589  2.98569  4.07577  2.64390  1.82309  2.41257  2.92623  3.51343  4.52095  4.38690     47 r - - -
          2.68618  4.42225  2.77519  2.73123  3.46354  2.40513  3.72494  3.29354  2.67741  2.69355  4.24690  2.90347  2.73739  3.18146  2.89801  2.37887  2.77519  2.98518  4.58477  3.61503
          0.00963  5.04357  5.76592  0.61958  0.77255  0.48576  0.95510
     47   2.75943  5.11376  3.11777  2.73419  3.47457  3.72812  3.20383  3.18162  2.31599  2.94384  3.48334  2.76348  4.11809  2.33735  2.62246  2.62313  2.63744  2.51734  5.61376  3.67748     48 k - - -
          2.68632  4.42252  2.77505  2.73142  3.46381  2.40526  3.72463  3.29369  2.67724  2.69364  4.24659  2.90365  2.73726  3.18120  2.89773  2.37901  2.77491  2.98526  4.58504  3.61493
          0.29357  1.53623  3.23887  1.04801  0.43176  0.48576  0.95510
     48   2.78685  5.38754  2.95433  2.42125  4.73078  3.36420  2.49711  4.21485  2.14756  3.69155  4.42895  1.78973  4.04942  2.73843  2.49368  2.84569  2.83285  3.77725  5.82078  3.71944     55 n - - -
          2.68618  4.42225  2.77519  2.73123  3.46354  2.40513  3.72494  3.29354  2.67741  2.69355  4.24690  2.90347  2.73739  3.18146  2.89801  2.37887  2.77519  2.98518  4.58477  3.61503
          0.00999  5.00683  5.72917  0.61958  0.77255  0.50874  0.91943
     49   2.79755  5.40341  2.85239  2.50042  4.74712  3.01919  3.85888  4.22866  2.30647  3.50001  4.44575  3.14183  3.78531  1.56370  1.96548  2.75151  3.13468  3.79361  5.83448  4.42913     56 q - - -
          2.68618  4.42225  2.77519  2.73123  3.46354  2.40513  3.72494  3.29354  2.67741  2.69355  4.24690  2.90347  2.73739  3.18146  2.89801  2.37887  2.77519  2.98518  4.58477  3.61503
          0.00982  5.02426  5.74660  0.61958  0.77255  0.54058  0.87326
     50   2.27897  5.39078  2.75192  2.51118  4.73350  3.08806  3.84768  4.21777  1.90807  3.26399  4.43208  2.80137  3.77887  2.64024  2.39891  2.29139  2.69455  3.51803  5.82486  4.41538     57 k - - -
          2.68618  4.42225  2.77519  2.73123  3.46354  2.40513  3.72494  3.29354  2.67741  2.69355  4.24690  2.90347  2.73739  3.18146  2.89801  2.37887  2.77519  2.98518  4.58477  3.61503
          0.00982  5.02426  5.74660  0.61958  0.77255  0.54058  0.87326
     51   2.78870  5.39636  2.49136  2.01086  4.74149  3.39556  3.58707  4.22750  2.26112  3.08406  3.88936  2.62119  3.44525  2.39190  2.69914  2.43001  2.61340  3.78703  5.82900  4.41801     58 e - - -
          2.68618  4.42225  2.77519  2.73123  3.46354  2.40513  3.72494  3.29354  2.67741  2.69355  4.24690  2.90347  2.73739  3.18146  2.89801  2.37887  2.77519  2.98518  4.58477  3.61503
          0.00982  5.02426  5.74660  0.61958  0.77255  0.54058  0.87326
     52   2.92629  3.90505  4.87654  4.26232  1.94998  4.09471  4.42691  1.81505  4.05031  1.58131  3.41558  4.25264  4.45772  4.18331  3.71099  3.40561  2.74050  2.28266  4.20722  3.36066     59 l - - -
          2.68553  4.42254  2.77540  2.73095  3.46379  2.40543  3.72504  3.29388  2.67751  2.69364  4.24692  2.90376  2.73727  3.18135  2.89733  2.37898  2.77519  2.98496  4.58538  3.61541
          0.60930  1.22407  1.81869  1.53565  0.24247  0.45295  1.00991
     53   2.76148  4.51930  3.02512  2.62076  4.40530  3.64384  3.69368  2.82805  2.25210  3.40676  4.19733  3.15050  3.75088  2.68100  1.54569  2.84252  2.73101  3.22759  5.61479  4.25780     65 r - - -
          2.68618  4.42225  2.77519  2.73123  3.46354  2.40513  3.72494  3.29354  2.67741  2.69355  4.24690  2.90347  2.73739  3.18146  2.89801  2.37887  2.77519  2.98518  4.58477  3.61503
          0.05732  4.87396  3.03511  0.61958  0.77255  0.86384  0.54738
     54   1.95686  4.37703  4.03839  3.22714  3.22850  3.87897  3.78444  2.25846  3.20371  2.30357  3.09786  3.76017  4.25221  3.63390  3.30394  2.18824  3.05334  2.07261  4.97952  3.77456     66 a - - -
          2.68618  4.42225  2.77519  2.73123  3.46354  2.40513  3.72494  3.29354  2.67741  2.69355  4.24690  2.90347  2.73739  3.18146  2.89801  2.37887  2.77519  2.98518  4.58477  3.61503
          0.01195  4.82859  5.55094  0.61958  0.77255  0.93668  0.49746
     55   2.19634  5.32160  2.25914  1.92221  4.66512  3.58377  3.77354  4.15031  2.36663  3.38884  4.36298  2.84858  3.69851  2.49741  2.46186  2.54434  3.04491  3.71147  5.75483  4.34424     67 e - - -
          2.68618  4.42225  2.77519  2.73123  3.46354  2.40513  3.72494  3.29354  2.67741  2.69355  4.24690  2.90347  2.73739  3.18146  2.89801  2.37887  2.77519  2.98518  4.58477  3.61503
          0.01195  4.82859  5.55094  0.61958  0.77255  0.93668  0.49746
     56   2.69601  5.13116  2.80173  2.28304  4.02571  3.35579  3.48098  3.08081  2.38029  2.77195  3.87827  3.11845  4.00746  2.58764  2.85329  2.23120  2.61731  2.73195  5.60854  4.24468     68 s - - -
          2.68618  4.42225  2.77519  2.73123  3.46354  2.40513  3.72494  3.29354  2.67741  2.69355  4.24690  2.90347  2.73739  3.18146  2.89801  2.37887  2.77519  2.98518  4.58477  3.61503
          0.01195  4.82859  5.55094  0.61958  0.77255  0.93668  0.49746
     57   2.75208  4.24126  4.68402  4.07743  2.68549  4.00415  4.32851  2.39684  3.88977  1.61215  2.65796  4.12346  4.36601  3.63820  3.64132  3.31032  3.07960  2.28376  4.85527  1.95598     69 l - - -
          2.68625  4.42232  2.77513  2.73130  3.46326  2.40520  3.72501  3.29339  2.67716  2.69362  4.24697  2.90353  2.73746  3.18141  2.89808  2.37894  2.77508  2.98516  4.58484  3.61510
          0.14040  2.22439  3.77864  0.67104  0.71575  0.34008  1.24381
     58   2.87833  4.11387  2.62511  2.59734  4.64284  3.50384  3.71158  3.86273  2.50377  3.29675  4.37173  2.49366  4.05533  2.36772  2.79603  2.22582  1.92365  3.54187  5.77281  3.76582     72 t - - -
          2.68618  4.42225  2.77519  2.73123  3.46354  2.40513  3.72494  3.29354  2.67741  2.69355  4.24690  2.90347  2.73739  3.18146  2.89801  2.37887  2.77519  2.98518  4.58477  3.61503
          0.01001  5.00451  5.72686  0.61958  0.77255  0.59267  0.80487
     59   2.27021  5.26721  3.18014  2.44143  4.56446  2.17326  3.66604  3.53227  2.33748  3.24343  3.93768  2.94831  3.06026  2.88514  2.68770  2.47176  3.04396  2.85818  5.72963  4.34957     73 g - - -
          2.68618  4.42225  2.77519  2.73123  3.46354  2.40513  3.72494  3.29354  2.67741  2.69355  4.24690  2.90347  2.73739  3.18146  2.89801  2.37887  2.77519  2.98518  4.58477  3.61503
          0.44173  5.00451  1.04877  0.61958  0.77255  0.59267  0.80487
     60   2.52753  5.22958  2.41092  1.88936  4.57003  3.28483  3.68945  4.05295  2.18172  3.27271  4.27199  2.96732  3.89459  2.44519  2.61375  2.44798  2.87705  3.61784  5.66438  4.25577     74 e - - -
          2.68618  4.42225  2.77519  2.73123  3.46354  2.40513  3.72494  3.29354  2.67741  2.69355  4.24690  2.90347  2.73739  3.18146  2.89801  2.37887  2.77519  2.98518  4.58477  3.61503
          0.01538  4.57817  5.30051  0.61958  0.77255  1.22580  0.34746
     61   2.40585  4.16032  2.67038  2.21808  4.35871  3.52229  3.71683  3.80413  2.40930  3.19473  3.17372  3.01832  3.91405  2.34444  2.36039  2.71746  2.83437  2.96993  5.54425  4.17310     75 e - - -
          2.68618  4.42225  2.77519  2.73123  3.46354  2.40513  3.72494  3.29354  2.67741  2.69355  4.24690  2.90347  2.73739  3.18146  2.89801  2.37887  2.77519  2.98518  4.58477  3.61503
          0.01538  4.57817  5.30051  0.61958  0.77255  0.24322  1.53294
     62   4.11455  5.31460  6.10603  5.54362  3.30638  5.55909  5.90857  2.17601  5.42341  0.55048  3.43834  5.72487  5.60321  5.31326  5.38140  4.95955  4.32742  1.85705  5.91762  4.93765     76 L - - -
          2.68618  4.42225  2.77519  2.73123  3.46354  2.40513  3.72494  3.29354  2.67741  2.69355  4.24690  2.90347  2.73739  3.18146  2.89801  2.37887  2.77519  2.98518  4.58477  3.61503
          0.00986  5.02030  5.74264  0.61958  0.77255  0.55133  0.85846
     63   2.58977  5.37281  3.00050  2.09989  4.70867  3.51006  3.84951  3.46820  2.20887  3.29221  3.56317  2.86129  4.05478  2.26577  2.11986  2.65832  2.67924  3.53512  5.81102  4.40573     77 e - - -
          2.68618  4.42225  2.77519  2.73123  3.46354  2.40513  3.72494  3.29354  2.67741  2.69355  4.24690  2.90347  2.73739  3.18146  2.89801  2.37887  2.77519  2.98518  4.58477  3.61503
          0.00986  5.02030  5.74264  0.61958  0.77255  0.55133  0.85846
     64   2.40785  5.40906  1.80499  1.85802  4.75336  3.43038  3.85507  4.23988  2.30297  3.48969  4.45051  2.76287  4.05965  2.67986  2.82735  2.56091  3.12856  3.79940  5.84155  4.42922     78 d - - -
          2.68618  4.42225  2.77519  2.73123  3.46354  2.40513  3.72494  3.29354  2.67741  2.69355  4.24690  2.90347  2.73739  3.18146  2.89801  2.37887  2.77519  2.98518  4.58477  3.61503
          0.00986  5.02030  5.74264  0.61958  0.77255  0.55133  0.85846
     65   1.42548  4.60768  3.80889  3.06858  3.28604  3.89035  3.40698  2.77245  2.73269  2.49700  3.50075  3.44438  4.26915  3.49085  3.53904  2.65401  3.13550  2.67367  5.19174  2.88078     79 a - - -
          2.68618  4.42225  2.77519  2.73123  3.46354  2.40513  3.72494  3.29354  2.67741  2.69355  4.24690  2.90347  2.73739  3.18146  2.89801  2.37887  2.77519  2.98518  4.58477  3.61503
          0.02000  5.02030  4.32762  0.61958  0.77255  0.55133  0.85846
     66   2.64464  4.35364  4.50061  3.36730  2.31885  4.03160  4.34324  2.25041  3.56441  1.77253  2.94594  4.06230  4.39942  3.02697  3.37498  2.79490  3.14131  2.01718  4.96833  3.54860     80 l - - -
          2.68618  4.42225  2.77519  2.73123  3.46354  2.40513  3.72494  3.29354  2.67741  2.69355  4.24690  2.90347  2.73739  3.18146  2.89801  2.37887  2.77519  2.98518  4.58477  3.61503
          0.00996  5.01025  5.73260  0.61958  0.77255  0.57790  0.82343
     67   2.45841  5.38440  2.55152  2.04948  4.72696  3.01834  3.62641  3.75415  2.26687  3.27262  4.42572  2.66638  4.04784  2.64344  2.46005  2.65094  2.72157  3.36615  5.81860  3.71157     81 e - - -
          2.68618  4.42225  2.77519  2.73123  3.46354  2.40513  3.72494  3.29354  2.67741  2.69355  4.24690  2.90347  2.73739  3.18146  2.89801  2.37887  2.77519  2.98518  4.58477  3.61503
          0.00996  5.01025  5.73260  0.61958  0.77255  0.57790  0.82343
     68   2.51108  4.69264  2.64598  1.89053  4.73333  2.54812  3.54279  4.21880  2.30828  3.69394  4.42984  2.46619  4.04736  2.81140  2.53406  2.49706  3.03391  3.39783  5.82206  4.41152     82 e - - -
          2.68618  4.42225  2.77519  2.73123  3.46354  2.40513  3.72494  3.29354  2.67741  2.69355  4.24690  2.90347  2.73739  3.18146  2.89801  2.37887  2.77519  2.98518  4.58477  3.61503
          0.12187  5.01025  2.22497  0.61958  0.77255  0.57790  0.82343
     69   2.75930  5.22671  2.44895  2.00727  3.93347  2.87229  3.82281  3.63372  2.28886  2.71408  3.30835  3.00405  3.57485  2.93684  2.84995  2.58934  2.97532  3.11112  5.68858  3.94359     83 e - - -
          2.68598  4.42252  2.77535  2.73061  3.46434  2.40500  3.72500  3.29365  2.67760  2.69406  4.24707  2.90389  2.73737  3.18164  2.89764  2.37928  2.77416  2.98481  4.58500  3.61519
          1.33627  0.76880  1.29606  1.74820  0.19127  0.35155  1.21604
     70   2.30398  5.27977  2.26781  2.16267  4.61663  3.13731  3.44429  4.09714  2.49101  3.24841  4.32293  2.59956  3.76232  2.85119  2.81569  2.42632  2.36541  3.66606  5.71740  4.31091    117 e - - -
          2.68618  4.42225  2.77519  2.73123  3.46354  2.40513  3.72494  3.29354  2.67741  2.69355  4.24690  2.90347  2.73739  3.18146  2.89801  2.37887  2.77519  2.98518  4.58477  3.61503
          0.03736  4.76448  3.57031  0.61958  0.77255  0.74909  0.64017
     71   2.56095  5.33512  1.93284  2.03859  4.67804  3.25974  3.78173  4.16431  2.42091  3.63951  4.37724  2.51573  3.76844  2.57610  2.90377  2.52010  2.60361  3.72478  5.76827  4.35559    118 d - - -
          2.68618  4.42225  2.77519  2.73123  3.46354  2.40513  3.72494  3.29354  2.67741  2.69355  4.24690  2.90347  2.73739  3.18146  2.89801  2.37887  2.77519  2.98518  4.58477  3.61503
          0.02539  4.82677  4.07095  0.61958  0.77255  0.81193  0.58699
     72   2.55253  5.31202  2.82020  2.07434  4.65090  2.89580  3.47263  3.61482  2.17305  3.61466  4.35435  2.85703  2.37393  2.87807  2.84651  2.42852  2.86679  3.52406  5.74840  4.34117    119 e - - -
          2.68618  4.42225  2.77519  2.73123  3.46354  2.40513  3.72494  3.29354  2.67741  2.69355  4.24690  2.90347  2.73739  3.18146  2.89801  2.37887  2.77519  2.98518  4.58477  3.61503
          0.09153  4.84864  2.53035  0.61958  0.77255  0.84040  0.56482
     73   2.39243  5.29015  2.37463  2.02531  4.62940  2.72329  3.25011  3.59219  2.49383  3.43077  4.33235  2.86144  3.55571  2.59663  2.69243  2.58535  2.87228  3.43485  5.72631  4.31885    120 e - - -
          2.68618  4.42225  2.77519  2.73123  3.46354  2.40513  3.72494  3.29354  2.67741  2.69355  4.24690  2.90347  2.73739  3.18146  2.89801  2.37887  2.77519  2.98518  4.58477  3.61503
          0.18306  4.78811  1.83912  0.61958  0.77255  0.94757  0.49051
     74   2.16724  3.43716  2.92181  3.04877  3.25261  2.97930  3.97523  2.62120  3.00422  2.68048  3.57201  2.96928  4.09899  3.30633  3.35949  2.68906  2.97374  1.97991  5.05061  3.81568    121 v - - -
          2.68618  4.42225  2.77519  2.73123  3.46354  2.40513  3.72494  3.29354  2.67741  2.69355  4.24690  2.90347  2.73739  3.18146  2.89801  2.37887  2.77519  2.98518  4.58477  3.61503
          0.01452  4.63517  5.35752  0.61958  0.77255  1.08045  0.41467
     75   2.60576  5.10633  2.96368  2.30432  3.48526  3.55037  3.55029  3.83874  2.24796  2.35399  4.16303  2.69891  3.74051  2.45672  2.60537  2.74531  2.77709  3.16990  5.57597  3.91093    122 k - - -
          2.68618  4.42225  2.77519  2.73123  3.46354  2.40513  3.72494  3.29354  2.67741  2.69355  4.24690  2.90347  2.73739  3.18146  2.89801  2.37887  2.77519  2.98518  4.58477  3.61503
          0.01409  4.66508  5.38742  0.61958  0.77255  0.51372  0.91196
     76   2.11241  5.28668  2.89466  2.45181  4.14420  3.22779  3.80996  4.07601  2.38522  2.55094  4.33392  2.53063  4.01306  2.60773  2.26431  2.49604  3.06797  3.37493  5.73437  4.33886    123 a - - -
          2.68618  4.42225  2.77519  2.73123  3.46354  2.40513  3.72494  3.29354  2.67741  2.69355  4.24690  2.90347  2.73739  3.18146  2.89801  2.37887  2.77519  2.98518  4.58477  3.61503
          0.01111  4.90160  5.62395  0.61958  0.77255  0.52646  0.89329
     77   2.69159  5.15689  3.22302  2.48434  4.42014  3.68465  3.46393  3.31694  2.45925  1.77512  4.22017  2.58127  3.24081  2.43622  2.92787  2.81663  2.93770  3.14696  5.64178  4.28678    124 l - - -
          2.68618  4.42225  2.77519  2.73123  3.46354  2.40513  3.72494  3.29354  2.67741  2.69355  4.24690  2.90347  2.73739  3.18146  2.89801  2.37887  2.77519  2.98518  4.58477  3.61503
          0.01027  4.97903  5.70138  0.61958  0.77255  0.54142  0.87209
     78   2.90771  3.28469  4.56420  3.96760  3.43560  4.03941  4.35523  2.05057  3.44300  1.55522  2.67312  3.67636  3.39694  3.30332  3.32050  3.33608  3.02497  2.04636  4.95385  3.76942    125 l - - -
          2.68618  4.42225  2.77519  2.73123  3.46354  2.40513  3.72494  3.29354  2.67741  2.69355  4.24690  2.90347  2.73739  3.18146  2.89801  2.37887  2.77519  2.98518  4.58477  3.61503
          0.01001  5.00541  5.72776  0.61958  0.77255  0.59037  0.80772
     79   2.77967  5.43664  2.68349  2.59337  4.77661  1.56217  3.88465  4.25974  2.39681  3.73875  4.48337  2.24124  4.08535  2.68741  2.52921  2.77374  3.16814  3.82552  5.87066  4.46017    126 g - - -
          2.68618  4.42225  2.77519  2.73123  3.46354  2.40513  3.72494  3.29354  2.67741  2.69355  4.24690  2.90347  2.73739  3.18146  2.89801  2.37887  2.77519  2.98518  4.58477  3.61503
          0.01567  5.00541  4.72735  0.61958  0.77255  0.42550  1.05970
     80   2.75637  4.20335  2.97023  2.37772  4.72982  3.66745  3.08543  4.21209  2.02967  3.22689  3.94883  2.89615  4.06078  2.36258  2.25777  2.09120  2.87482  3.64808  5.82569  4.41797    127 k - - -
          2.68618  4.42225  2.77519  2.73123  3.46354  2.40513  3.72494  3.29354  2.67741  2.69355  4.24690  2.90347  2.73739  3.18146  2.89801  2.37887  2.77519  2.98518  4.58477  3.61503
          0.00968  5.03817  5.76052  0.61958  0.77255  0.47604  0.97084
     81   2.62772  3.91155  4.26539  3.68293  3.54354  4.00471  4.29808  1.82583  3.08109  1.94169  3.07339  3.41544  4.37594  3.60472  2.13015  3.13727  3.15533  2.24632  5.04310  3.84544    128 i - - -
          2.68618  4.42225  2.77519  2.73123  3.46354  2.40513  3.72494  3.29354  2.67741  2.69355  4.24690  2.90347  2.73739  3.18146  2.89801  2.37887  2.77519  2.98518  4.58477  3.61503
          0.00963  5.04357  5.76592  0.61958  0.77255  0.48576  0.95510
     82   2.79890  4.68602  3.41835  3.14464  3.67492  3.87031  3.75249  2.12085  2.78808  2.90136  3.78629  3.19597  4.25127  3.41760  3.28684  2.13630  2.39004  1.87389  5.26064  3.45708    129 v - - -
          2.68618  4.42225  2.77519  2.73123  3.46354  2.40513  3.72494  3.29354  2.67741  2.69355  4.24690  2.90347  2.73739  3.18146  2.89801  2.37887  2.77519  2.98518  4.58477  3.61503
          0.00963  5.04357  5.76592  0.61958  0.77255  0.48576  0.95510
     83   2.67925  3.86907  4.59708  3.99981  2.94739  4.06028  4.37707  1.74728  3.56317  2.12005  3.47049  4.12055  3.83644  4.02943  2.40897  2.95731  2.47132  2.18025  4.97011  3.11867    130 i - - -
          2.68618  4.42225  2.77519  2.73123  3.46354  2.40513  3.72494  3.29354  2.67741  2.69355  4.24690  2.90347  2.73739  3.18146  2.89801  2.37887  2.77519  2.98518  4.58477  3.61503
          0.00963  5.04357  5.76592  0.61958  0.77255  0.48576  0.95510
     84   2.93146  4.31279  4.85125  4.23905  2.54895  4.09600  3.73722  2.24600  4.03349  1.33895  2.96961  4.24381  4.45986  3.87558  3.36148  3.40545  3.16360  2.07833  4.29027  2.81683    131 l - - -
          2.68618  4.42225  2.77519  2.73123  3.46354  2.40513  3.72494  3.29354  2.67741  2.69355  4.24690  2.90347  2.73739  3.18146  2.89801  2.37887  2.77519  2.98518  4.58477  3.61503
          0.00963  5.04357  5.76592  0.61958  0.77255  0.48576  0.95510
     85   2.44223  4.86003  3.51349  2.95402  3.68340  2.57753  4.04457  3.44209  2.93298  2.95182  3.31517  3.42816  1.59555  3.26544  3.15151  2.37289  2.82239  3.17396  5.42645  4.14683    132 p - - -
          2.68618  4.42225  2.77519  2.73123  3.46354  2.40513  3.72494  3.29354  2.67741  2.69355  4.24690  2.90347  2.73739  3.18146  2.89801  2.37887  2.77519  2.98518  4.58477  3.61503
          0.00963  5.04357  5.76592  0.61958  0.77255  0.48576  0.95510
     86   2.41973  5.24974  3.07527  2.65711  3.94553  2.77449  3.49488  3.61859  2.49671  3.52906  3.91951  2.99538  3.61245  2.85525  2.82966  1.56596  3.12781  3.34619  5.72010  3.37355    133 s - - -
          2.68618  4.42225  2.77519  2.73123  3.46354  2.40513  3.72494  3.29354  2.67741  2.69355  4.24690  2.90347  2.73739  3.18146  2.89801  2.37887  2.77519  2.98518  4.58477  3.61503
          0.00963  5.04357  5.76592  0.61958  0.77255  0.48576  0.95510
     87   2.80372  5.34872  3.00830  2.61037  4.10841  3.39972  3.30614  4.14070  2.50417  3.64411  3.78848  2.90392  3.67582  2.78514  2.34114  1.64929  2.26116  3.53867  5.79547  4.39892    134 s - - -
          2.68618  4.42225  2.77519  2.73123  3.46354  2.40513  3.72494  3.29354  2.67741  2.69355  4.24690  2.90347  2.73739  3.18146  2.89801  2.37887  2.77519  2.98518  4.58477  3.61503
          0.02079  5.04357  4.25954  0.61958  0.77255  0.48576  0.95510
     88   2.92224  4.34021  4.63607  4.03644  2.05648  4.06171  2.89766  2.19269  3.57785  2.12911  3.45734  4.13775  4.42800  3.07915  3.96831  3.25154  3.01758  1.70766  4.95670  3.06288    135 v - - -
          2.68618  4.42225  2.77519  2.73123  3.46354  2.40513  3.72494  3.29354  2.67741  2.69355  4.24690  2.90347  2.73739  3.18146  2.89801  2.37887  2.77519  2.98518  4.58477  3.61503
          0.00974  5.03251  5.75486  0.61958  0.77255  0.51764  0.90616
     89   2.76803  5.01520  3.14873  2.79340  4.23128  3.44233  3.95783  3.02955  2.64324  2.73151  3.63705  3.30200  2.24984  3.00506  2.23540  2.59472  2.34920  2.77411  5.53385  4.21761    136 r - - -
          2.68618  4.42225  2.77519  2.73123  3.46354  2.40513  3.72494  3.29354  2.67741  2.69355  4.24690  2.90347  2.73739  3.18146  2.89801  2.37887  2.77519  2.98518  4.58477  3.61503
          0.00974  5.03251  5.75486  0.61958  0.77255  0.51764  0.90616
     90   2.93787  4.76620  3.88246  3.39475  4.14676  0.85428  4.37426  3.51256  3.34410  2.88566  2.97797  3.29013  4.32504  3.67353  3.68879  2.85140  3.26157  3.11252  5.56542  4.32367    137 g - - -
          2.68618  4.42225  2.77519  2.73123  3.46354  2.40513  3.72494  3.29354  2.67741  2.69355  4.24690  2.90347  2.73739  3.18146  2.89801  2.37887  2.77519  2.98518  4.58477  3.61503
          0.00974  5.03251  5.75486  0.61958  0.77255  0.51764  0.90616
     91   2.87974  4.82809  4.51322  4.26119  5.36822  1.95679  5.24316  4.84335  4.31189  4.50544  5.27365  4.19136  4.41267  4.53731  4.56616  0.93829  1.34551  4.08526  6.68294  5.53694    138 s - - -
          2.68618  4.42225  2.77519  2.73123  3.46354  2.40513  3.72494  3.29354  2.67741  2.69355  4.24690  2.90347  2.73739  3.18146  2.89801  2.37887  2.77519  2.98518  4.58477  3.61503
          0.00974  5.03251  5.75486  0.61958  0.77255  0.51764  0.90616
     92   2.73894  5.28804  2.59532  2.61289  4.12169  3.67016  3.60753  4.09003  2.54120  3.15035  4.35811  2.91922  2.05256  2.79211  2.08272  2.52856  3.00952  3.23866  5.72090  3.79156    139 p - - -
          2.68618  4.42225  2.77519  2.73123  3.46354  2.40513  3.72494  3.29354  2.67741  2.69355  4.24690  2.90347  2.73739  3.18146  2.89801  2.37887  2.77519  2.98518  4.58477  3.61503
          0.00974  5.03251  5.75486  0.61958  0.77255  0.51764  0.90616
     93   2.10042  5.39503  3.14993  2.13991  4.73672  3.41952  3.54542  4.21793  2.22114  3.69740  4.43733  3.14117  2.98117  2.78073  1.78315  2.67341  2.96428  3.78402  5.82841  4.42286    140 r - - -
          2.68618  4.42225  2.77519  2.73123  3.46354  2.40513  3.72494  3.29354  2.67741  2.69355  4.24690  2.90347  2.73739  3.18146  2.89801  2.37887  2.77519  2.98518  4.58477  3.61503
          0.00974  5.03251  5.75486  0.61958  0.77255  0.51764  0.90616
     94   2.69317  5.22752  2.80931  2.58768  3.03974  3.69632  3.07070  3.94832  2.55541  3.50410  4.28625  2.78242  4.08797  2.65352  3.05095  2.17002  3.12386  3.58212  4.60499  1.97085    141 y - - -
          2.68618  4.42225  2.77519  2.73123  3.46354  2.40513  3.72494  3.29354  2.67741  2.69355  4.24690  2.90347  2.73739  3.18146  2.89801  2.37887  2.77519  2.98518  4.58477  3.61503
          0.00974  5.03251  5.75486  0.61958  0.77255  0.51764  0.90616
     95   2.79340  4.79804  3.58562  3.01885  3.54703  3.83468  4.05910  3.33902  2.37438  3.02148  1.92904  3.47787  4.21730  2.72503  2.21135  3.06354  3.01024  3.08881  2.57444  3.67855    142 m - - -
          2.68618  4.42225  2.77519  2.73123  3.46354  2.40513  3.72494  3.29354  2.67741  2.69355  4.24690  2.90347  2.73739  3.18146  2.89801  2.37887  2.77519  2.98518  4.58477  3.61503
          0.00974  5.03251  5.75486  0.61958  0.77255  0.51764  0.90616
     96   2.55688  5.18429  2.99624  2.56797  3.99803  3.38282  3.69670  3.57012  2.35159  2.62017  3.44974  3.02344  4.09649  2.49953  2.36863  2.70696  2.67206  2.75627  5.66826  3.18609    143 k - - -
          2.68618  4.42225  2.77519  2.73123  3.46354  2.40513  3.72494  3.29354  2.67741  2.69355  4.24690  2.90347  2.73739  3.18146  2.89801  2.37887  2.77519  2.98518  4.58477  3.61503
          0.00974  5.03251  5.75486  0.61958  0.77255  0.51764  0.90616
     97   2.55289  5.38694  3.14344  2.04702  4.72656  3.36455  3.85279  4.20860  2.27767  3.48944  3.90647  2.84533  4.05861  2.04091  2.33693  2.33331  2.76888  3.56143  5.82284  3.92950    144 q - - -
          2.68618  4.42225  2.77519  2.73123  3.46354  2.40513  3.72494  3.29354  2.67741  2.69355  4.24690  2.90347  2.73739  3.18146  2.89801  2.37887  2.77519  2.98518  4.58477  3.61503
          0.00974  5.03251  5.75486  0.61958  0.77255  0.51764  0.90616
     98   2.89240  4.65385  2.97145  2.54946  4.50379  3.69664  3.23565  3.50229  2.10621  2.26900  2.58910  3.06742  4.08817  2.65280  2.48645  2.60487  2.80851  3.57970  5.70022  4.03217    145 k - - -
          2.68618  4.42225  2.77519  2.73123  3.46354  2.40513  3.72494  3.29354  2.67741  2.69355  4.24690  2.90347  2.73739  3.18146  2.89801  2.37887  2.77519  2.98518  4.58477  3.61503
          0.00974  5.03251  5.75486  0.61958  0.77255  0.51764  0.90616
     99   2.65182  4.53446  3.98252  3.40923  2.65739  3.64328  3.92428  3.01024  3.33730  2.57993  3.64291  3.75799  4.31629  3.39263  1.83347  3.20014  2.94959  2.31954  5.12641  1.99008    146 r - - -
          2.68618  4.42225  2.77519  2.73123  3.46354  2.40513  3.72494  3.29354  2.67741  2.69355  4.24690  2.90347  2.73739  3.18146  2.89801  2.37887  2.77519  2.98518  4.58477  3.61503
          0.00974  5.03251  5.75486  0.61958  0.77255  0.51764  0.90616
    100   2.89263  5.24383  3.21085  2.65400  3.83441  3.43407  3.42979  3.97373  2.57277  2.93106  3.11491  2.57918  4.08504  1.75144  2.31502  2.51446  2.95301  3.60157  5.71435  3.86942    147 q - - -
          2.68618  4.42225  2.77519  2.73123  3.46354  2.40513  3.72494  3.29354  2.67741  2.69355  4.24690  2.90347  2.73739  3.18146  2.89801  2.37887  2.77519  2.98518  4.58477  3.61503
          0.00974  5.03251  5.75486  0.61958  0.77255  0.51764  0.90616
    101   3.02907  5.56494  1.43891  2.02995  4.90229  3.70498  3.96110  4.39673  2.08407  3.86647  4.61436  2.84469  4.14637  2.34974  3.24574  2.58866  3.09886  3.95272  5.99475  4.56544    148 d - - -
          2.68618  4.42225  2.77519  2.73123  3.46354  2.40513  3.72494  3.29354  2.67741  2.69355  4.24690  2.90347  2.73739  3.18146  2.89801  2.37887  2.77519  2.98518  4.58477  3.61503
          0.00974  5.03251  5.75486  0.61958  0.77255  0.51764  0.90616
    102   1.86707  3.65030  4.60858  4.01240  3.45594  2.97813  4.38595  2.02067  3.85612  1.71426  3.31930  4.12811  4.42997  4.03998  3.96466  2.33367  3.16091  2.37360  4.97674  3.79300    149 l - - -
          2.68618  4.42225  2.77519  2.73123  3.46354  2.40513  3.72494  3.29354  2.67741  2.69355  4.24690  2.90347  2.73739  3.18146  2.89801  2.37887  2.77519  2.98518  4.58477  3.61503
          0.00974  5.03251  5.75486  0.61958  0.77255  0.46633  0.98698
    103   2.91529  4.60905  3.53596  2.93581  3.41393  3.90625  4.16375  2.89102  2.46961  2.31701  1.82000  3.66207  4.28470  3.09344  2.94516  3.15432  3.00457  2.39502  3.11086  3.96511    150 m - - -
          2.68618  4.42225  2.77519  2.73123  3.46354  2.40513  3.72494  3.29354  2.67741  2.69355  4.24690  2.90347  2.73739  3.18146  2.89801  2.37887  2.77519  2.98518  4.58477  3.61503
          0.00963  5.04357  5.76592  0.61958  0.77255  0.48576  0.95510
    104   0.92367  4.80560  4.45266  4.03424  5.01624  2.69712  4.98892  4.44574  3.99980  4.12015  4.92371  4.08665  4.37882  4.26549  4.30497  1.56136  2.11902  3.30397  6.36049  5.17408    151 a - - -
          2.68618  4.42225  2.77519  2.73123  3.46354  2.40513  3.72494  3.29354  2.67741  2.69355  4.24690  2.90347  2.73739  3.18146  2.89801  2.37887  2.77519  2.98518  4.58477  3.61503
          0.00963  5.04357  5.76592  0.61958  0.77255  0.48576  0.95510
    105   2.93918  4.31913  4.86342  4.25109  3.24155  4.10541  3.96851  1.59699  4.04505  1.84218  2.09465  4.25472  4.13827  4.18298  4.06717  3.41529  2.84026  2.04477  4.94062  3.09324    152 i - - -
          2.68619  4.42226  2.77520  2.73124  3.46331  2.40513  3.72495  3.29355  2.67741  2.69355  4.24690  2.90347  2.73740  3.18147  2.89801  2.37887  2.77520  2.98519  4.58477  3.61504
          0.02682  3.75785  5.76592  0.46004  0.99767  0.48576  0.95510
    106   1.99729  2.80682  4.79349  4.18714  3.12180  4.10266  4.43336  2.14019  3.99795  2.38098  3.30188  3.51267  4.46703  4.15161  4.04772  3.03842  3.17530  1.39133  4.96221  3.78307    154 v - - -
          2.68618  4.42225  2.77519  2.73123  3.46354  2.40513  3.72494  3.29354  2.67741  2.69355  4.24690  2.90347  2.73739  3.18146  2.89801  2.37887  2.77519  2.98518  4.58477  3.61503
          0.00963  5.04357  5.76592  0.61958  0.77255  0.48576  0.95510
    107   2.58377  5.17389  3.25547  2.69816  4.04980  3.36820  3.38611  3.12077  2.60750  3.00993  4.23806  2.52928  4.10462  2.57342  1.98263  2.40320  2.82211  3.08592  5.66116  3.31323    155 r - - -
          2.68618  4.42225  2.77519  2.73123  3.46354  2.40513  3.72494  3.29354  2.67741  2.69355  4.24690  2.90347  2.73739  3.18146  2.89801  2.37887  2.77519  2.98518  4.58477  3.61503
          0.00963  5.04357  5.76592  0.61958  0.77255  0.48576  0.95510
    108   2.37608  4.63908  3.16031  2.17701  3.85732  3.49162  2.68558  3.53049  2.15520  3.66026  4.40779  2.54356  4.06805  2.57459  2.27113  2.86515  2.98153  3.53360  5.80579  3.73749    156 k - - -
          2.68618  4.42225  2.77519  2.73123  3.46354  2.40513  3.72494  3.29354  2.67741  2.69355  4.24690  2.90347  2.73739  3.18146  2.89801  2.37887  2.77519  2.98518  4.58477  3.61503
          0.00963  5.04357  5.76592  0.61958  0.77255  0.48576  0.95510
    109   2.78221  3.75081  4.48296  3.66911  2.23478  4.04279  3.15300  2.66807  3.41681  1.52043  3.49385  4.06049  4.41104  3.57914  3.37390  3.33404  3.05060  2.57360  4.99169  2.28539    157 l - - -
          2.68618  4.42225  2.77519  2.73123  3.46354  2.40513  3.72494  3.29354  2.67741  2.69355  4.24690  2.90347  2.73739  3.18146  2.89801  2.37887  2.77519  2.98518  4.58477  3.61503
          0.00963  5.04357  5.76592  0.61958  0.77255  0.48576  0.95510
    110   3.10394  5.39146  2.90300  2.77108  4.65785  0.89405  3.74567  4.10664  2.64296  3.67049  4.48219  3.08176  4.24294  3.20520  3.16040  3.09939  3.34338  3.75604  4.75535  4.50500    158 g - - -
          2.68618  4.42225  2.77519  2.73123  3.46354  2.40513  3.72494  3.29354  2.67741  2.69355  4.24690  2.90347  2.73739  3.18146  2.89801  2.37887  2.77519  2.98518  4.58477  3.61503
          0.00963  5.04357  5.76592  0.61958  0.77255  0.48576  0.95510
    111   2.48098  3.31287  3.59029  3.02726  3.32195  3.83348  3.74362  2.93169  1.95533  2.62427  3.21809  3.16831  2.59016  3.17632  2.97737  3.06149  2.52411  2.87111  5.33638  4.07387    159 k - - -
          2.68618  4.42225  2.77519  2.73123  3.46354  2.40513  3.72494  3.29354  2.67741  2.69355  4.24690  2.90347  2.73739  3.18146  2.89801  2.37887  2.77519  2.98518  4.58477  3.61503
          0.00963  5.04357  5.76592  0.61958  0.77255  0.48576  0.95510
    112   2.70321  4.90761  4.01242  3.70315  4.87719  3.69350  4.79336  4.27662  3.72503  3.95681  4.79827  3.93391  0.59821  3.50598  4.04738  2.60087  3.42052  3.11831  6.22135  4.99705    160 P - - -
          2.68618  4.42225  2.77519  2.73123  3.46354  2.40513  3.72494  3.29354  2.67741  2.69355  4.24690  2.90347  2.73739  3.18146  2.89801  2.37887  2.77519  2.98518  4.58477  3.61503
          0.00963  5.04357  5.76592  0.61958  0.77255  0.48576  0.95510
    113   2.15402  5.40298  1.91806  2.59754  4.74149  3.38060  2.84901  4.22307  2.61345  3.70654  4.44824  2.69110  3.68048  2.79272  3.10656  2.22975  2.41526  3.79070  5.84177  4.43363    161 d - - -
          2.68618  4.42225  2.77519  2.73123  3.46354  2.40513  3.72494  3.29354  2.67741  2.69355  4.24690  2.90347  2.73739  3.18146  2.89801  2.37887  2.77519  2.98518  4.58477  3.61503
          0.00963  5.04357  5.76592  0.61958  0.77255  0.48576  0.95510
    114   2.62196  4.38751  4.96907  4.35562  2.40244  4.19173  4.51973  1.96805  4.14537  1.18741  3.21297  4.35011  4.54343  4.26677  4.15412  3.50467  3.24840  2.40548  3.32346  3.52716    162 l - - -
          2.68618  4.42225  2.77519  2.73123  3.46354  2.40513  3.72494  3.29354  2.67741  2.69355  4.24690  2.90347  2.73739  3.18146  2.89801  2.37887  2.77519  2.98518  4.58477  3.61503
          0.00963  5.04357  5.76592  0.61958  0.77255  0.48576  0.95510
    115   5.20843  6.05057  5.96431  5.96843  0.43838  5.60607  4.16088  4.74318  5.72630  3.84031  5.24121  5.10161  5.84475  5.29670  5.46775  5.02172  5.38968  4.70950  2.04747  2.14978    163 F - - -
          2.68618  4.42225  2.77519  2.73123  3.46354  2.40513  3.72494  3.29354  2.67741  2.69355  4.24690  2.90347  2.73739  3.18146  2.89801  2.37887  2.77519  2.98518  4.58477  3.61503
          0.00963  5.04357  5.76592  0.61958  0.77255  0.48576  0.95510
    116   3.20561  3.82026  5.19079  4.59207  2.43004  4.43612  4.79566  1.27686  4.39576  1.67603  2.98422  4.59933  4.76664  4.51731  4.40971  3.76067  3.22711  1.84491  5.24417  4.08250    164 i - - -
          2.68618  4.42225  2.77519  2.73123  3.46354  2.40513  3.72494  3.29354  2.67741  2.69355  4.24690  2.90347  2.73739  3.18146  2.89801  2.37887  2.77519  2.98518  4.58477  3.61503
          0.00963  5.04357  5.76592  0.61958  0.77255  0.48576  0.95510
    117   3.58403  5.38908  5.04489  4.99764  5.59316  4.15951  5.83881  4.97098  4.98568  4.74700  5.77983  4.88283  4.96409  5.30803  5.08031  3.80371  0.17061  4.46538  6.82381  5.83219    165 T - - -
          2.68618  4.42225  2.77519  2.73123  3.46354  2.40513  3.72494  3.29354  2.67741  2.69355  4.24690  2.90347  2.73739  3.18146  2.89801  2.37887  2.77519  2.98518  4.58477  3.61503
          0.00963  5.04357  5.76592  0.61958  0.77255  0.48576  0.95510
    118   2.94566  4.32310  4.88268  3.97233  1.81752  4.11398  4.44621  1.97691  4.06107  1.83253  2.23865  4.26750  4.47596  4.19598  4.07858  3.28134  2.92101  2.27560  4.94471  3.31760    166 f - - -
          2.68618  4.42225  2.77519  2.73123  3.46354  2.40513  3.72494  3.29354  2.67741  2.69355  4.24690  2.90347  2.73739  3.18146  2.89801  2.37887  2.77519  2.98518  4.58477  3.61503
          0.00963  5.04357  5.76592  0.61958  0.77255  0.48576  0.95510
    119   2.71660  4.98037  3.81899  3.46239  5.05296  3.65390  4.65806  4.50473  3.55142  4.11978  4.90790  1.92831  4.34026  3.85255  3.95384  1.63827  1.05624  3.94130  6.31688  5.04440    167 t - - -
          2.68618  4.42225  2.77519  2.73123  3.46354  2.40513  3.72494  3.29354  2.67741  2.69355  4.24690  2.90347  2.73739  3.18146  2.89801  2.37887  2.77519  2.98518  4.58477  3.61503
          0.00963  5.04357  5.76592  0.61958  0.77255  0.48576  0.95510
    120   1.49254  1.52500  4.79824  4.44086  4.99097  2.54947  5.21171  4.41208  4.36698  4.11508  4.93608  4.26452  1.47442  4.57961  4.56959  2.84715  3.02262  3.83501  6.38397  5.24324    168 p - - -
          2.68618  4.42225  2.77519  2.73123  3.46354  2.40513  3.72494  3.29354  2.67741  2.69355  4.24690  2.90347  2.73739  3.18146  2.89801  2.37887  2.77519  2.98518  4.58477  3.61503
          0.00963  5.04357  5.76592  0.61958  0.77255  0.48576  0.95510
    121   1.88588  4.28702  3.07121  2.83840  4.59304  3.69096  4.05625  4.03107  2.84868  3.60689  4.39583  1.27847  3.71421  3.19453  3.31515  2.40551  3.18675  3.32350  5.81467  4.46879    169 n - - -
          2.68618  4.42225  2.77519  2.73123  3.46354  2.40513  3.72494  3.29354  2.67741  2.69355  4.24690  2.90347  2.73739  3.18146  2.89801  2.37887  2.77519  2.98518  4.58477  3.61503
          0.00963  5.04357  5.76592  0.61958  0.77255  0.48576  0.95510
    122   3.59465  6.18240  1.07411  2.53186  5.56000  3.84023  4.44092  5.09934  3.50449  4.57569  5.42754  3.31783  1.21924  3.61017  4.13447  3.18572  3.54657  4.63216  6.73429  5.19680    170 d - - -
          2.68618  4.42225  2.77519  2.73123  3.46354  2.40513  3.72494  3.29354  2.67741  2.69355  4.24690  2.90347  2.73739  3.18146  2.89801  2.37887  2.77519  2.98518  4.58477  3.61503
          0.00963  5.04357  5.76592  0.61958  0.77255  0.48576  0.95510
    123   2.72524  4.22317  3.42802  2.46791  3.63098  3.77868  3.49169  2.79738  2.08636  2.19827  3.39398  2.47545  4.16557  2.93118  3.09245  2.84894  2.88180  2.89317  5.46737  3.85361    171 k - - -
          2.68625  4.42232  2.77527  2.73130  3.46361  2.40520  3.72287  3.29361  2.67748  2.69362  4.24697  2.90354  2.73747  3.18140  2.89779  2.37894  2.77527  2.98526  4.58484  3.61510
          0.19847  1.73225  5.76592  0.13943  2.03911  0.48576  0.95510
    124   2.74032  4.96392  3.18271  2.86260  3.75969  3.78228  3.40905  3.55872  2.69804  3.20434  4.04739  3.06353  4.17049  3.18553  2.94044  2.99897  2.67940  3.27494  1.31267  4.19025    173 w - - -
          2.68618  4.42225  2.77519  2.73123  3.46354  2.40513  3.72494  3.29354  2.67741  2.69355  4.24690  2.90347  2.73739  3.18146  2.89801  2.37887  2.77519  2.98518  4.58477  3.61503
          0.00963  5.04357  5.76592  0.61958  0.77255  0.48576  0.95510
    125   2.79379  5.40653  2.42440  2.38796  4.75109  3.66887  3.30431  3.96429  2.41232  3.71149  4.44748  2.29900  2.00155  2.58531  2.63079  2.65661  3.03617  3.79693  5.83931  4.42850    174 p - - -
          2.68618  4.42225  2.77519  2.73123  3.46354  2.40513  3.72494  3.29354  2.67741  2.69355  4.24690  2.90347  2.73739  3.18146  2.89801  2.37887  2.77519  2.98518  4.58477  3.61503
          0.00963  5.04357  5.76592  0.61958  0.77255  0.48576  0.95510
    126   3.40018  5.99863  2.17042  0.99569  5.32468  3.80061  4.26105  4.84853  3.19844  4.31389  5.11406  3.25821  1.91959  3.40227  3.77360  2.48402  3.67262  4.39303  6.45496  4.95988    175 e - - -
          2.68618  4.42225  2.77519  2.73123  3.46354  2.40513  3.72494  3.29354  2.67741  2.69355  4.24690  2.90347  2.73739  3.18146  2.89801  2.37887  2.77519  2.98518  4.58477  3.61503
          0.00963  5.04357  5.76592  0.61958  0.77255  0.48576  0.95510
    127   3.45934  4.75864  5.43167  4.86266  3.80942  4.77740  5.18451  0.93706  4.70141  1.55090  3.68742  4.92458  5.06979  4.83747  4.74980  4.12156  3.38591  1.81222  5.59637  3.62938    176 i - - -
          2.68618  4.42225  2.77519  2.73123  3.46354  2.40513  3.72494  3.29354  2.67741  2.69355  4.24690  2.90347  2.73739  3.18146  2.89801  2.37887  2.77519  2.98518  4.58477  3.61503
          0.00963  5.04357  5.76592  0.61958  0.77255  0.48576  0.95510
    128   2.51213  4.21510  3.38727  2.72458  4.18747  3.76401  3.56918  3.11332  2.03009  2.70721  3.26265  3.33040  4.15181  2.30395  2.73690  2.82174  2.47801  2.73848  5.50718  3.53594    177 k - - -
          2.68618  4.42225  2.77519  2.73123  3.46354  2.40513  3.72494  3.29354  2.67741  2.69355  4.24690  2.90347  2.73739  3.18146  2.89801  2.37887  2.77519  2.98518  4.58477  3.61503
          0.00963  5.04357  5.76592  0.61958  0.77255  0.48576  0.95510
    129   2.70912  5.37851  2.74471  1.92971  4.71253  3.67278  3.86078  3.48277  2.42574  2.70653  4.42214  2.97702  4.06597  2.33167  1.92129  2.75426  3.03447  3.76321  4.92451  4.41385    178 r - - -
          2.68606  4.42228  2.77522  2.73126  3.46357  2.40510  3.72497  3.29357  2.67744  2.69358  4.24693  2.90331  2.73742  3.18149  2.89804  2.37890  2.77522  2.98521  4.58480  3.61487
          0.04535  4.00651  3.64436  1.05686  0.42701  0.48576  0.95510
    130   2.40163  4.26743  3.04167  2.04909  3.98440  3.68776  2.80405  3.26475  2.47195  2.82353  4.29370  2.55221  4.07950  2.72367  2.71312  2.77798  3.11787  2.86759  5.70754  3.66626    185 e - - -
          2.68618  4.42225  2.77519  2.73123  3.46354  2.40513  3.72494  3.29354  2.67741  2.69355  4.24690  2.90347  2.73739  3.18146  2.89801  2.37887  2.77519  2.98518  4.58477  3.61503
          0.00986  5.02030  5.74264  0.61958  0.77255  0.55133  0.85846
    131   2.94393  3.43819  4.88375  4.27028  3.03204  4.11266  4.44442  2.41092  4.06109  1.09218  2.43142  4.26731  4.47298  4.19344  3.61859  3.42355  2.89727  2.38255  4.11011  3.76576    186 l - - -
          2.68561  4.42125  2.77471  2.73038  3.46360  2.40541  3.72545  3.29389  2.67782  2.69445  4.24756  2.90408  2.73717  3.18123  2.89694  2.37955  2.77575  2.98597  4.58018  3.61290
          1.49042  0.89687  1.00273  1.73196  0.19472  0.55133  0.85846
    132   2.56592  4.11922  2.80916  2.26298  3.62818  3.56314  3.77129  3.00339  2.19153  2.64700  3.58683  3.11048  3.33348  2.68515  3.04538  2.66509  2.84300  3.00763  5.37270  3.61872    193 k - - -
          2.68618  4.42225  2.77519  2.73123  3.46354  2.40513  3.72494  3.29354  2.67741  2.69355  4.24690  2.90347  2.73739  3.18146  2.89801  2.37887  2.77519  2.98518  4.58477  3.61503
          0.01553  4.56826  5.29060  0.61958  0.77255  0.28462  1.39553
    133   2.31872  5.35035  2.68614  2.31009  3.88396  3.31201  3.84166  3.97054  2.29006  2.69179  4.39475  2.86756  3.25206  2.53927  2.56421  2.51278  2.92702  3.43203  5.79160  3.52832    194 k - - -
          2.68618  4.42225  2.77519  2.73123  3.46354  2.40513  3.72494  3.29354  2.67741  2.69355  4.24690  2.90347  2.73739  3.18146  2.89801  2.37887  2.77519  2.98518  4.58477  3.61503
          0.01011  4.99525  5.71760  0.61958  0.77255  0.50639  0.92299
    134   2.40888  5.35825  2.67315  2.40859  4.68808  2.76680  3.85277  3.78639  2.59364  3.13070  4.05703  2.67721  2.18131  2.80733  2.62819  2.53115  2.87292  3.74067  5.80016  4.03929    195 p - - -
          2.68618  4.42225  2.77519  2.73123  3.46354  2.40513  3.72494  3.29354  2.67741  2.69355  4.24690  2.90347  2.73739  3.18146  2.89801  2.37887  2.77519  2.98518  4.58477  3.61503
          0.00986  5.02030  5.74264  0.61958  0.77255  0.55133  0.85846
    135   2.60354  5.29939  2.65006  2.25800  3.43203  2.19758  3.86659  3.85510  2.33141  3.07027  3.79986  2.65165  3.83228  2.97688  2.80246  2.67450  2.76251  3.26947  4.85576  4.36919    196 g - - -
          2.68618  4.42225  2.77519  2.73123  3.46354  2.40513  3.72494  3.29354  2.67741  2.69355  4.24690  2.90347  2.73739  3.18146  2.89801  2.37887  2.77519  2.98518  4.58477  3.61503
          0.40408  5.02030  1.12145  0.61958  0.77255  0.55133  0.85846
    136   2.09199  4.25380  2.86891  1.94887  4.47842  3.00285  3.47007  3.41064  2.33160  3.45759  4.21618  2.73306  3.56338  2.73655  2.95272  2.54970  2.97013  3.30546  5.61970  4.22969    197 e - - -
          2.68618  4.42225  2.77519  2.73123  3.46354  2.40513  3.72494  3.29354  2.67741  2.69355  4.24690  2.90347  2.73739  3.18146  2.89801  2.37887  2.77519  2.98518  4.58477  3.61503
          0.01459  4.63080  5.35315  0.61958  0.77255  0.25710  1.48408
    137   2.58048  3.88047  2.93375  2.00114  4.60855  3.38937  3.86625  3.47952  2.61760  3.02258  4.35196  2.99901  3.63872  1.70042  2.87099  2.72431  3.11672  3.11956  5.75713  4.37015    198 q - - -
          2.68618  4.42225  2.77519  2.73123  3.46354  2.40513  3.72494  3.29354  2.67741  2.69355  4.24690  2.90347  2.73739  3.18146  2.89801  2.37887  2.77519  2.98518  4.58477  3.61503
          0.00986  5.02030  5.74264  0.61958  0.77255  0.44684  1.02066
    138   2.58714  5.38503  2.82925  2.19150  4.72188  3.43439  3.85880  4.20209  2.20181  2.86487  3.96429  2.79696  4.06417  2.39283  2.78300  2.52848  2.17600  3.08140  5.82265  4.41672    199 t - - -
          2.68531  4.42173  2.77513  2.73206  3.46392  2.40600  3.72554  3.29249  2.67721  2.69243  4.24545  2.90380  2.73859  3.18154  2.89530  2.37930  2.77610  2.98579  4.58430  3.61457
          0.51925  0.91155  5.76592  2.19772  0.11772  0.48576  0.95510
    139   1.65446  4.37582  4.49432  3.90236  3.47618  4.04455  4.35522  2.68092  3.76514  1.92122  3.49194  4.06685  2.78223  3.96769  3.91060  2.76598  2.95741  2.13457  3.04172  3.32008    215 a - - -
          2.68618  4.42225  2.77519  2.73123  3.46354  2.40513  3.72494  3.29354  2.67741  2.69355  4.24690  2.90347  2.73739  3.18146  2.89801  2.37887  2.77519  2.98518  4.58477  3.61503
          0.00963  5.04357  5.76592  0.61958  0.77255  0.48576  0.95510
    140   2.27574  5.19023  3.10000  2.55360  4.16284  3.71002  3.90813  2.92161  2.42796  3.36676  4.25288  2.93350  4.10105  2.54757  2.46508  2.18566  2.58961  2.90855  4.30908  3.52477    216 s - - -
          2.68618  4.42225  2.77519  2.73123  3.46354  2.40513  3.72494  3.29354  2.67741  2.69355  4.24690  2.90347  2.73739  3.18146  2.89801  2.37887  2.77519  2.98518  4.58477  3.61503
          0.00963  5.04357  5.76592  0.61958  0.77255  0.48576  0.95510
    141   2.67878  5.42196  1.48510  2.47492  4.76159  3.67668  3.31574  4.24586  2.54944  3.42973  4.46515  2.62584  4.07819  2.56041  3.11344  2.25655  2.85977  3.80989  5.85684  4.44560    217 d - - -
          2.68618  4.42225  2.77519  2.73123  3.46354  2.40513  3.72494  3.29354  2.67741  2.69355  4.24690  2.90347  2.73739  3.18146  2.89801  2.37887  2.77519  2.98518  4.58477  3.61503
          0.00963  5.04357  5.76592  0.61958  0.77255  0.48576  0.95510
    142   2.90332  5.34249  2.28846  2.62184  4.66005  3.68513  3.53991  3.27591  2.61927  3.46077  4.39146  1.98110  4.07903  2.98239  1.68417  2.76356  3.03913  3.47731  5.79153  4.39944    218 r - - -
          2.68618  4.42225  2.77519  2.73123  3.46354  2.40513  3.72494  3.29354  2.67741  2.69355  4.24690  2.90347  2.73739  3.18146  2.89801  2.37887  2.77519  2.98518  4.58477  3.61503
          0.00963  5.04357  5.76592  0.61958  0.77255  0.48576  0.95510
    143   2.98326  5.14895  3.87260  3.70255  4.71563  3.85573  4.08546  4.43954  3.65004  3.63820  4.98961  3.98671  0.45214  4.11478  3.91363  3.36566  3.66458  4.00792  6.12554  4.75126    219 P - - -
          2.68618  4.42225  2.77519  2.73123  3.46354  2.40513  3.72494  3.29354  2.67741  2.69355  4.24690  2.90347  2.73739  3.18146  2.89801  2.37887  2.77519  2.98518  4.58477  3.61503
          0.00963  5.04357  5.76592  0.61958  0.77255  0.48576  0.95510
    144   2.91208  4.70739  1.67048  3.11557  3.53709  3.86189  2.70832  2.93917  3.08052  2.47393  3.61945  3.31246  4.24345  3.39454  3.46223  3.09742  2.82898  2.14474  5.27817  3.34416    220 d - - -
          2.68618  4.42225  2.77519  2.73123  3.46354  2.40513  3.72494  3.29354  2.67741  2.69355  4.24690  2.90347  2.73739  3.18146  2.89801  2.37887  2.77519  2.98518  4.58477  3.61503
          0.00963  5.04357  5.76592  0.61958  0.77255  0.48576  0.95510
    145   2.07123  4.37116  4.80682  4.20519  3.08741  4.14486  4.48130  1.46911  4.02442  1.81112  3.48757  4.26083  4.50762  4.18451  4.08623  2.59209  2.98931  2.18148  5.01709  3.83715    221 i - - -
          2.68618  4.42225  2.77519  2.73123  3.46354  2.40513  3.72494  3.29354  2.67741  2.69355  4.24690  2.90347  2.73739  3.18146  2.89801  2.37887  2.77519  2.98518  4.58477  3.61503
          0.00963  5.04357  5.76592  0.61958  0.77255  0.48576  0.95510
    146   2.09875  2.93651  4.76404  4.15884  2.99352  3.77968  4.41998  2.23147  3.97361  2.37765  3.45196  4.20775  4.45541  4.13076  4.03047  2.47407  2.74016  1.48934  4.95658  3.77711    222 v - - -
          2.68618  4.42225  2.77519  2.73123  3.46354  2.40513  3.72494  3.29354  2.67741  2.69355  4.24690  2.90347  2.73739  3.18146  2.89801  2.37887  2.77519  2.98518  4.58477  3.61503
          0.00963  5.04357  5.76592  0.61958  0.77255  0.48576  0.95510
    147   1.09261  3.82826  4.00392  3.44050  3.75705  3.90407  4.26831  2.97076  3.37813  2.83626  3.38822  3.02410  4.32431  3.65986  3.68795  2.51870  3.02238  2.38720  5.22419  4.00689    223 a - - -
          2.68618  4.42225  2.77519  2.73123  3.46354  2.40513  3.72494  3.29354  2.67741  2.69355  4.24690  2.90347  2.73739  3.18146  2.89801  2.37887  2.77519  2.98518  4.58477  3.61503
          0.00963  5.04357  5.76592  0.61958  0.77255  0.48576  0.95510
    148   2.90074  5.12173  3.12900  2.73123  3.81120  3.72757  3.65424  3.00986  2.43540  3.13192  4.19067  3.04713  4.11754  2.68526  1.43057  2.80620  2.90306  3.45684  4.31623  3.46920    224 r - - -
          2.68618  4.42225  2.77519  2.73123  3.46354  2.40513  3.72494  3.29354  2.67741  2.69355  4.24690  2.90347  2.73739  3.18146  2.89801  2.37887  2.77519  2.98518  4.58477  3.61503
          0.00963  5.04357  5.76592  0.61958  0.77255  0.48576  0.95510
    149   2.92258  4.41269  4.83308  4.24107  1.91601  4.16676  2.61664  2.84703  4.05262  2.58549  3.22185  4.26403  4.52816  4.19506  4.10149  3.47461  3.25619  1.24419  3.39926  3.27578    225 v - - -
          2.68618  4.42225  2.77519  2.73123  3.46354  2.40513  3.72494  3.29354  2.67741  2.69355  4.24690  2.90347  2.73739  3.18146  2.89801  2.37887  2.77519  2.98518  4.58477  3.61503
          0.00963  5.04357  5.76592  0.61958  0.77255  0.48576  0.95510
    150   5.18499  6.04082  5.95496  5.94808  0.29045  5.59700  4.16641  4.70930  5.70523  3.80691  5.20809  5.10029  5.83712  5.29025  5.45597  5.01306  5.36827  4.68263  3.42672  2.22325    226 F - - -
          2.68618  4.42225  2.77519  2.73123  3.46354  2.40513  3.72494  3.29354  2.67741  2.69355  4.24690  2.90347  2.73739  3.18146  2.89801  2.37887  2.77519  2.98518  4.58477  3.61503
          0.00963  5.04357  5.76592  0.61958  0.77255  0.48576  0.95510
    151   2.82182  4.43587  2.68967  2.53151  3.83239  3.68705  1.83316  4.06036  1.99429  3.58703  3.80999  2.86515  4.07940  2.77964  2.86450  2.87981  3.12696  3.66775  3.87942  3.43378    227 h - - -
          2.68618  4.42225  2.77519  2.73123  3.46354  2.40513  3.72494  3.29354  2.67741  2.69355  4.24690  2.90347  2.73739  3.18146  2.89801  2.37887  2.77519  2.98518  4.58477  3.61503
          0.00963  5.04357  5.76592  0.61958  0.77255  0.48576  0.95510
    152   2.53657  4.04387  3.67358  3.23426  2.99740  3.93006  4.19609  2.42249  2.94065  1.93822  3.12676  3.72491  4.30683  2.79094  2.24568  2.96203  2.79527  2.73718  5.15337  3.31215    228 l - - -
          2.68618  4.42225  2.77519  2.73123  3.46354  2.40513  3.72494  3.29354  2.67741  2.69355  4.24690  2.90347  2.73739  3.18146  2.89801  2.37887  2.77519  2.98518  4.58477  3.61503
          0.00963  5.04357  5.76592  0.61958  0.77255  0.48576  0.95510
    153   2.91854  5.31024  3.21933  2.24056  4.61547  3.70760  3.89042  3.70606  1.43310  3.03470  3.58026  2.97395  4.09827  3.00363  2.03325  2.90394  3.14781  3.45062  5.76354  3.91911    229 k - - -
          2.68618  4.42225  2.77519  2.73123  3.46354  2.40513  3.72494  3.29354  2.67741  2.69355  4.24690  2.90347  2.73739  3.18146  2.89801  2.37887  2.77519  2.98518  4.58477  3.61503
          0.00963  5.04357  5.76592  0.61958  0.77255  0.48576  0.95510
    154   2.92877  3.87081  4.81440  4.20435  2.35815  4.08949  4.41889  1.96282  3.24993  1.75181  3.29121  3.88592  4.45394  4.15219  3.39122  3.12872  3.16093  1.85027  4.93634  2.86014    230 l - - -
          2.68618  4.42225  2.77519  2.73123  3.46354  2.40513  3.72494  3.29354  2.67741  2.69355  4.24690  2.90347  2.73739  3.18146  2.89801  2.37887  2.77519  2.98518  4.58477  3.61503
          0.00963  5.04357  5.76592  0.61958  0.77255  0.48576  0.95510
    155   2.54783  5.40582  2.69287  1.94932  4.75136  3.36175  3.85456  3.68097  2.18112  3.71129  4.44638  2.61412  3.71152  2.24805  2.54946  2.40241  2.82659  3.79672  5.83820  4.42695    231 e - - -
          2.68618  4.42225  2.77519  2.73123  3.46354  2.40513  3.72494  3.29354  2.67741  2.69355  4.24690  2.90347  2.73739  3.18146  2.89801  2.37887  2.77519  2.98518  4.58477  3.61503
          0.00963  5.04357  5.76592  0.61958  0.77255  0.48576  0.95510
    156   1.99212  3.76376  3.35610  2.13151  4.04675  3.80021  4.02381  3.25230  2.90887  2.19229  2.95489  3.25249  4.18575  2.42949  3.19219  3.01964  2.81069  2.89800  5.41302  3.88518    232 a - - -
          2.68618  4.42225  2.77519  2.73123  3.46354  2.40513  3.72494  3.29354  2.67741  2.69355  4.24690  2.90347  2.73739  3.18146  2.89801  2.37887  2.77519  2.98518  4.58477  3.61503
          0.00963  5.04357  5.76592  0.61958  0.77255  0.48576  0.95510
    157   2.98207  3.96601  4.92688  4.31342  1.59982  4.15329  4.48397  2.30489  4.10386  1.50518  2.76076  4.30954  4.51001  3.89857  4.11674  3.46504  3.09750  2.38455  4.97057  3.15160    233 l - - -
          2.68618  4.42225  2.77519  2.73123  3.46354  2.40513  3.72494  3.29354  2.67741  2.69355  4.24690  2.90347  2.73739  3.18146  2.89801  2.37887  2.77519  2.98518  4.58477  3.61503
          0.00963  5.04357  5.76592  0.61958  0.77255  0.48576  0.95510
    158   2.93163  4.34281  4.67888  4.07714  2.04734  4.07583  4.39709  2.17246  3.21974  1.63974  2.68542  3.89182  4.44131  4.07798  2.63169  3.37730  3.02169  2.31052  4.96096  3.77971    234 l - - -
          2.68645  4.42180  2.77522  2.73106  3.46396  2.40484  3.72537  3.29366  2.67632  2.69355  4.24661  2.90351  2.73772  3.18162  2.89834  2.37888  2.77555  2.98499  4.58519  3.61529
          0.07388  2.68697  5.76592  2.37169  0.09797  0.48576  0.95510
    159   2.89513  5.40686  2.30458  2.08309  4.75254  3.66809  3.30682  3.90201  1.73080  3.71225  4.44745  2.62773  4.06179  2.62112  2.60498  2.72301  2.67903  3.63548  5.83901  4.42790    254 k - - -
          2.68618  4.42225  2.77519  2.73123  3.46354  2.40513  3.72494  3.29354  2.67741  2.69355  4.24690  2.90347  2.73739  3.18146  2.89801  2.37887  2.77519  2.98518  4.58477  3.61503
          0.00963  5.04357  5.76592  0.61958  0.77255  0.48576  0.95510
    160   2.78364  4.67257  1.96162  2.08762  3.91634  3.26502  2.58342  2.95848  2.53607  3.21084  4.00182  3.20607  4.09508  2.85454  3.14793  2.90014  2.97328  3.14959  5.69617  3.47866    255 d - - -
          2.68618  4.42225  2.77519  2.73123  3.46354  2.40513  3.72494  3.29354  2.67741  2.69355  4.24690  2.90347  2.73739  3.18146  2.89801  2.37887  2.77519  2.98518  4.58477  3.61503
          0.00963  5.04357  5.76592  0.61958  0.77255  0.48576  0.95510
    161   2.94707  4.32645  4.86831  4.25707  3.16274  4.11439  4.09630  1.87470  4.05201  1.53632  3.43807  4.26218  4.47686  4.19079  4.07557  3.25591  3.03749  1.63273  4.94724  2.62419    256 l - - -
          2.68618  4.42225  2.77519  2.73123  3.46354  2.40513  3.72494  3.29354  2.67741  2.69355  4.24690  2.90347  2.73739  3.18146  2.89801  2.37887  2.77519  2.98518  4.58477  3.61503
          0.06893  5.04357  2.81084  0.61958  0.77255  0.48576  0.95510
    162   2.78795  3.98642  4.56833  3.65445  2.64127  4.03118  4.34797  2.51182  3.08638  1.51519  3.25390  3.78381  4.39803  3.78127  2.98252  3.32858  2.71469  1.93893  4.23849  3.58817    257 l - - -
          2.68653  4.42172  2.77514  2.73144  3.46409  2.40467  3.72544  3.29314  2.67623  2.69419  4.24741  2.90381  2.73754  3.18181  2.89726  2.37917  2.77511  2.98515  4.58328  3.61579
          0.56129  0.85283  5.70720  1.45026  0.26724  0.45891  0.99960
    163   2.88761  5.38845  2.85116  2.07496  2.58114  3.66280  3.19468  4.00565  1.92504  3.50962  4.43020  2.63507  3.66549  2.74600  2.54457  2.49089  3.11875  3.64746  5.82353  4.41512    271 k - - -
          2.68618  4.42225  2.77519  2.73123  3.46354  2.40513  3.72494  3.29354  2.67741  2.69355  4.24690  2.90347  2.73739  3.18146  2.89801  2.37887  2.77519  2.98518  4.58477  3.61503
          0.15641  5.02815  1.97873  0.61958  0.77255  0.45915  0.99918
    164   2.58263  5.33744  2.57948  2.16035  4.67882  2.79323  3.58310  3.51187  2.05469  3.37603  3.94199  2.72421  3.09934  2.74955  2.61779  2.65683  2.97845  3.52738  5.77233  4.04467    272 k - - -
          2.68618  4.42225  2.77519  2.73123  3.46354  2.40513  3.72494  3.29354  2.67741  2.69355  4.24690  2.90347  2.73739  3.18146  2.89801  2.37887  2.77519  2.98518  4.58477  3.61503
          0.01111  4.90086  5.62320  0.61958  0.77255  0.81631  0.58351
    165   2.72892  5.32825  3.09651  2.46360  4.66482  2.04469  2.58463  4.14355  2.15407  3.62908  4.07027  2.69539  4.01027  2.60750  2.83114  2.32376  2.93205  3.71441  5.76529  4.36133    273 g - - -
          2.68618  4.42225  2.77519  2.73123  3.46354  2.40513  3.72494  3.29354  2.67741  2.69355  4.24690  2.90347  2.73739  3.18146  2.89801  2.37887  2.77519  2.98518  4.58477  3.61503
          0.01111  4.90086  5.62320  0.61958  0.77255  0.81631  0.58351
    166   2.50730  3.88981  4.61138  4.00958  3.36509  3.80440  4.32539  1.96109  3.83860  2.12096  2.52059  3.72110  3.41329  4.00907  3.22240  3.30503  3.09081  1.59650  4.88768  3.50950    274 v - - -
          2.68618  4.42225  2.77519  2.73123  3.46354  2.40513  3.72494  3.29354  2.67741  2.69355  4.24690  2.90347  2.73739  3.18146  2.89801  2.37887  2.77519  2.98518  4.58477  3.61503
          0.01111  4.90086  5.62320  0.61958  0.77255  0.81631  0.58351
    167   3.60994  4.91360  5.35692  4.83227  1.08889  4.74286  4.57364  2.83775  4.64604  1.33675  3.55150  4.76509  5.01323  4.65140  4.63287  4.07777  3.83033  2.69026  4.79331  2.42460    275 f - - -
          2.68618  4.42225  2.77519  2.73123  3.46354  2.40513  3.72494  3.29354  2.67741  2.69355  4.24690  2.90347  2.73739  3.18146  2.89801  2.37887  2.77519  2.98518  4.58477  3.61503
          0.01111  4.90086  5.62320  0.61958  0.77255  0.81631  0.58351
    168   2.94716  4.94130  3.59315  3.19443  5.11579  0.51624  4.78745  4.56452  3.78101  4.21365  5.03792  3.77042  3.61411  4.03668  4.13896  2.89339  3.43240  3.58711  6.41993  5.16836    276 G - - -
          2.68618  4.42225  2.77519  2.73123  3.46354  2.40513  3.72494  3.29354  2.67741  2.69355  4.24690  2.90347  2.73739  3.18146  2.89801  2.37887  2.77519  2.98518  4.58477  3.61503
          0.01111  4.90086  5.62320  0.61958  0.77255  0.32362  1.28564
    169   2.89392  5.39944  2.86120  2.26074  4.74237  3.03720  3.64083  3.61844  2.03166  3.70379  4.44067  2.25393  3.09639  2.64134  2.39628  2.72511  3.12507  2.85984  5.83338  3.95425    277 k - - -
          2.68618  4.42225  2.77519  2.73123  3.46354  2.40513  3.72494  3.29354  2.67741  2.69355  4.24690  2.90347  2.73739  3.18146  2.89801  2.37887  2.77519  2.98518  4.58477  3.61503
          0.00963  5.04357  5.76592  0.61958  0.77255  0.48576  0.95510
    170   2.52981  3.54077  4.76759  3.92041  3.19720  4.08374  4.10205  2.21026  3.97226  2.20219  3.28162  4.20429  3.66322  3.86323  4.02442  3.38948  2.51936  1.27588  4.94308  3.43893    278 v - - -
          2.68618  4.42225  2.77519  2.73123  3.46354  2.40513  3.72494  3.29354  2.67741  2.69355  4.24690  2.90347  2.73739  3.18146  2.89801  2.37887  2.77519  2.98518  4.58477  3.61503
          0.00963  5.04357  5.76592  0.61958  0.77255  0.48576  0.95510
    171   2.40135  5.24942  2.94539  2.59200  4.53440  3.33376  3.89184  3.35118  2.27871  2.81767  4.09295  3.09518  3.64051  2.74349  2.70342  2.11054  2.68995  2.43137  5.71985  4.34839    279 s - - -
          2.68615  4.42229  2.77524  2.73127  3.46328  2.40517  3.72499  3.29358  2.67745  2.69352  4.24661  2.90351  2.73744  3.18139  2.89805  2.37891  2.77524  2.98513  4.58481  3.61472
          0.02079  4.04859  5.76592  1.26118  0.33312  0.48576  0.95510
    172   1.67240  4.68670  2.13757  2.46050  4.69174  2.82337  3.62569  4.16564  2.53452  3.66194  4.40950  2.83592  4.06881  2.70258  3.00490  2.65348  3.12693  3.74537  3.52780  4.40707    289 a - - -
          2.68618  4.42225  2.77519  2.73123  3.46354  2.40513  3.72494  3.29354  2.67741  2.69355  4.24690  2.90347  2.73739  3.18146  2.89801  2.37887  2.77519  2.98518  4.58477  3.61503
          0.00963  5.04357  5.76592  0.61958  0.77255  0.48576  0.95510
    173   2.93918  4.46531  4.23202  3.65297  2.73596  3.68250  3.02935  2.92396  3.55630  2.42454  3.57834  3.61837  3.90447  3.80152  3.15296  3.13984  3.17101  2.55061  3.21005  1.41705    290 y - - -
          2.68618  4.42225  2.77519  2.73123  3.46354  2.40513  3.72494  3.29354  2.67741  2.69355  4.24690  2.90347  2.73739  3.18146  2.89801  2.37887  2.77519  2.98518  4.58477  3.61503
          0.00963  5.04357  5.76592  0.61958  0.77255  0.48576  0.95510
    174   2.76993  3.88076  4.87625  4.26205  2.56308  4.09661  4.42929  2.17821  4.05056  2.15999  2.64507  3.67415  4.46047  4.18489  3.71715  3.10470  3.06229  1.86273  2.64728  2.54835    291 v - - -
          2.68618  4.42225  2.77519  2.73123  3.46354  2.40513  3.72494  3.29354  2.67741  2.69355  4.24690  2.90347  2.73739  3.18146  2.89801  2.37887  2.77519  2.98518  4.58477  3.61503
          0.00963  5.04357  5.76592  0.61958  0.77255  0.48576  0.95510
    175   2.64194  4.69936  3.52803  3.12683  3.42819  2.25214  3.59303  3.21383  3.09047  2.76565  3.79889  3.22056  4.24659  3.06989  3.35804  3.10174  3.01381  2.82469  3.38932  1.67291    292 y - - -
          2.68618  4.42225  2.77519  2.73123  3.46354  2.40513  3.72494  3.29354  2.67741  2.69355  4.24690  2.90347  2.73739  3.18146  2.89801  2.37887  2.77519  2.98518  4.58477  3.61503
          0.00963  5.04357  5.76592  0.61958  0.77255  0.48576  0.95510
    176   2.47729  4.03899  3.77717  3.21384  3.85337  3.86596  4.16533  3.21082  3.16766  2.92413  3.59882  3.62144  4.26977  3.47762  2.17979  2.35391  1.69332  2.05519  5.28736  4.04831    293 t - - -
          2.68618  4.42225  2.77519  2.73123  3.46354  2.40513  3.72494  3.29354  2.67741  2.69355  4.24690  2.90347  2.73739  3.18146  2.89801  2.37887  2.77519  2.98518  4.58477  3.61503
          0.00963  5.04357  5.76592  0.61958  0.77255  0.48576  0.95510
    177   3.11356  4.46658  5.06699  4.46705  3.00951  4.32523  4.67591  1.61791  4.27127  2.41019  3.17215  4.47802  4.67092  4.40854  4.29650  3.64463  3.14358  1.14872  5.15424  2.63313    294 v - - -
          2.68620  4.42172  2.77521  2.73125  3.46356  2.40515  3.72496  3.29356  2.67743  2.69357  4.24692  2.90348  2.73741  3.18132  2.89803  2.37889  2.77521  2.98507  4.58479  3.61505
          0.02520  3.82809  5.76592  0.78790  0.60660  0.48576  0.95510
    178   3.93567  6.39120  2.98030  0.33543  5.78976  4.05543  4.65968  5.35993  3.17538  4.81252  5.74492  3.56818  4.71783  3.85021  4.04381  3.80298  4.24317  4.92919  6.83590  5.42545    298 E - - -
          2.68618  4.42225  2.77519  2.73123  3.46354  2.40513  3.72494  3.29354  2.67741  2.69355  4.24690  2.90347  2.73739  3.18146  2.89801  2.37887  2.77519  2.98518  4.58477  3.61503
          0.00963  5.04357  5.76592  0.61958  0.77255  0.48576  0.95510
    179   2.52877  4.37794  4.55075  3.95816  1.63056  4.06333  4.36176  2.64158  3.81206  2.56950  3.49454  4.10020  4.43064  3.30381  3.94128  3.15756  2.39359  2.62990  2.34887  2.71897    299 f - - -
          2.68618  4.42225  2.77519  2.73123  3.46354  2.40513  3.72494  3.29354  2.67741  2.69355  4.24690  2.90347  2.73739  3.18146  2.89801  2.37887  2.77519  2.98518  4.58477  3.61503
          0.00963  5.04357  5.76592  0.61958  0.77255  0.48576  0.95510
    180   3.56531  5.94342  3.11598  2.93922  5.14479  3.97567  3.76139  4.82551  2.95777  4.26922  5.12477  2.30462  4.51906  0.64905  3.30387  3.49364  3.81823  4.42616  6.25306  4.84320    300 Q - - -
          2.68618  4.42225  2.77519  2.73123  3.46354  2.40513  3.72494  3.29354  2.67741  2.69355  4.24690  2.90347  2.73739  3.18146  2.89801  2.37887  2.77519  2.98518  4.58477  3.61503
          0.00963  5.04357  5.76592  0.61958  0.77255  0.48576  0.95510
    181   2.61891  5.39995  2.83726  2.25940  4.74058  2.20358  3.52929  4.22288  1.49561  3.42839  4.04021  3.14237  4.06785  2.54734  3.08708  2.86503  3.13212  3.78829  5.83460  4.42703    301 k - - -
          2.68618  4.42225  2.77519  2.73123  3.46354  2.40513  3.72494  3.29354  2.67741  2.69355  4.24690  2.90347  2.73739  3.18146  2.89801  2.37887  2.77519  2.98518  4.58477  3.61503
          0.00963  5.04357  5.76592  0.61958  0.77255  0.48576  0.95510
    182   3.52527  4.13041  4.13828  3.42776  5.01805  3.64307  3.71550  4.39181  2.50601  3.88208  4.74871  3.80351  4.58741  3.15167  0.56220  3.56302  3.72257  4.07422  5.95844  4.78283    302 R - - -
          2.68618  4.42225  2.77519  2.73123  3.46354  2.40513  3.72494  3.29354  2.67741  2.69355  4.24690  2.90347  2.73739  3.18146  2.89801  2.37887  2.77519  2.98518  4.58477  3.61503
          0.00963  5.04357  5.76592  0.61958  0.77255  0.48576  0.95510
    183   3.08061  5.04081  3.81747  3.61280  4.95573  0.48430  4.78283  4.42568  3.64656  4.07127  3.86007  3.90117  4.46333  3.43050  3.94933  2.98614  3.53274  3.94338  6.28309  5.02208    303 G - - -
          2.68618  4.42225  2.77519  2.73123  3.46354  2.40513  3.72494  3.29354  2.67741  2.69355  4.24690  2.90347  2.73739  3.18146  2.89801  2.37887  2.77519  2.98518  4.58477  3.61503
          0.00963  5.04357  5.76592  0.61958  0.77255  0.48576  0.95510
    184   2.35474  4.43489  4.36076  3.77909  3.35491  4.02490  4.34736  2.87463  3.66655  1.40698  2.69319  4.00172  4.40456  3.89446  3.86298  1.93576  2.46040  2.68273  5.05532  3.86263    304 l - - -
          2.68618  4.42225  2.77519  2.73123  3.46354  2.40513  3.72494  3.29354  2.67741  2.69355  4.24690  2.90347  2.73739  3.18146  2.89801  2.37887  2.77519  2.98518  4.58477  3.61503
          0.00963  5.04357  5.76592  0.61958  0.77255  0.48576  0.95510
    185   2.95808  4.64769  4.24733  3.74046  3.97173  3.87846  4.52895  3.24915  3.65117  1.74055  3.94592  3.97702  1.12968  3.93792  3.91950  2.58626  3.09348  2.65380  5.46415  4.25964    305 p - - -
          2.68618  4.42225  2.77519  2.73123  3.46354  2.40513  3.72494  3.29354  2.67741  2.69355  4.24690  2.90347  2.73739  3.18146  2.89801  2.37887  2.77519  2.98518  4.58477  3.61503
          0.00963  5.04357  5.76592  0.61958  0.77255  0.48576  0.95510
    186   5.04065  6.38463  5.05703  5.01599  4.87365  4.96580  0.10034  5.99068  4.90385  5.25068  6.47216  5.33779  5.60148  5.43546  5.02884  5.15437  5.42712  5.68763  6.23099  4.82096    306 H - - -
          2.68618  4.42225  2.77519  2.73123  3.46354  2.40513  3.72494  3.29354  2.67741  2.69355  4.24690  2.90347  2.73739  3.18146  2.89801  2.37887  2.77519  2.98518  4.58477  3.61503
          0.00963  5.04357  5.76592  0.61958  0.77255  0.48576  0.95510
    187   1.93078  3.28772  4.75213  4.14603  3.18707  3.63347  3.95374  2.01819  3.96088  2.08631  2.42002  3.37803  4.44675  4.11823  4.01838  2.94389  3.16032  1.99633  4.94520  3.76579    307 a - - -
          2.68618  4.42225  2.77519  2.73123  3.46354  2.40513  3.72494  3.29354  2.67741  2.69355  4.24690  2.90347  2.73739  3.18146  2.89801  2.37887  2.77519  2.98518  4.58477  3.61503
          0.00963  5.04357  5.76592  0.61958  0.77255  0.48576  0.95510
    188   5.04065  6.38463  5.05703  5.01599  4.87365  4.96580  0.10034  5.99068  4.90385  5.25068  6.47216  5.33779  5.60148  5.43546  5.02884  5.15437  5.42712  5.68763  6.23099  4.82096    308 H - - -
          2.68618  4.42225  2.77519  2.73123  3.46354  2.40513  3.72494  3.29354  2.67741  2.69355  4.24690  2.90347  2.73739  3.18146  2.89801  2.37887  2.77519  2.98518  4.58477  3.61503
          0.00963  5.04357  5.76592  0.61958  0.77255  0.48576  0.95510
    189   2.71707  3.01952  4.80312  4.19393  2.88540  2.26907  4.41779  1.91236  3.99844  1.88633  2.29153  4.22124  4.45336  3.82690  4.03848  3.12999  2.99385  2.50419  4.93899  3.76090    309 l - - -
          2.68618  4.42225  2.77519  2.73123  3.46354  2.40513  3.72494  3.29354  2.67741  2.69355  4.24690  2.90347  2.73739  3.18146  2.89801  2.37887  2.77519  2.98518  4.58477  3.61503
          0.00963  5.04357  5.76592  0.61958  0.77255  0.48576  0.95510
    190   4.21819  5.40603  6.19224  5.62893  3.70376  5.67793  6.02336  2.53022  5.50830  0.49092  3.08659  5.84335  5.67951  5.37001  5.45847  5.08964  4.42682  1.82718  5.97510  5.03437    310 L - - -
          2.68618  4.42225  2.77519  2.73123  3.46354  2.40513  3.72494  3.29354  2.67741  2.69355  4.24690  2.90347  2.73739  3.18146  2.89801  2.37887  2.77519  2.98518  4.58477  3.61503
          0.00963  5.04357  5.76592  0.61958  0.77255  0.48576  0.95510
    191   3.13896  4.49416  5.09783  4.49030  3.09191  4.33727  4.67525  1.75278  4.28761  1.33496  3.13662  4.49597  4.67348  4.40242  4.29779  3.65548  3.20379  1.70018  5.12906  2.72779    311 l - - -
          2.68618  4.42225  2.77519  2.73123  3.46354  2.40513  3.72494  3.29354  2.67741  2.69355  4.24690  2.90347  2.73739  3.18146  2.89801  2.37887  2.77519  2.98518  4.58477  3.61503
          0.00649  5.04043        *  0.61958  0.77255  0.00000        *
//
