HMMER3/f [3.3 | Nov 2019]
NAME  Retrotrans_gag
ACC   PF03732.24
DESC  Retrotransposon gag protein 
LENG  97
ALPH  amino
RF    no
MM    no
CONS  yes
CS    no
MAP   yes
DATE  Fri Oct 13 16:42:28 2023
NSEQ  55
EFFN  5.716858
CKSUM 2890767203
GA    24.1 24.1;
TC    24.1 24.1;
NC    24 24;
BM    hmmbuild HMM.ann SEED.ann
SM    hmmsearch -Z 81514348 --cpu 4 -E 1000 HMM pfamseq
STATS LOCAL MSV       -9.6717  0.71830
STATS LOCAL VITERBI  -10.1607  0.71830
STATS LOCAL FORWARD   -3.9858  0.71830
HMM          A        C        D        E        F        G        H        I        K        L        M        N        P        Q        R        S        T        V        W        Y   
            m->m     m->i     m->d     i->m     i->i     d->m     d->d
  COMPO   2.52505  4.62550  2.95339  2.56449  3.03784  3.08298  3.61602  3.12279  2.64762  2.42390  3.70878  3.08615  3.63398  2.86897  2.72895  2.62034  2.84192  2.89954  3.89380  3.44834
          2.68618  4.42225  2.77519  2.73123  3.46354  2.40513  3.72494  3.29354  2.67741  2.69355  4.24690  2.90347  2.73739  3.18146  2.89801  2.37887  2.77519  2.98518  4.58477  3.61503
          0.00632  5.46250  6.18484  0.61958  0.77255  0.00000        *
      1   2.50287  4.25994  2.38093  2.65776  4.94389  3.30012  3.39163  3.57377  1.76730  3.56570  3.89205  2.77837  4.26146  2.68520  2.31835  2.41534  3.09449  3.62887  6.03411  4.62413      1 k - - -
          2.68618  4.42225  2.77519  2.73123  3.46354  2.40513  3.72494  3.29354  2.67741  2.69355  4.24690  2.90347  2.73739  3.18146  2.89801  2.37887  2.77519  2.98518  4.58477  3.61503
          0.00632  5.46250  6.18484  0.61958  0.77255  0.48576  0.95510
      2   2.77377  4.54555  5.07946  4.46738  2.29890  4.32752  3.97551  1.97609  3.73084  1.41650  2.90134  4.47420  3.71396  4.40295  3.60592  3.05305  3.39558  2.24385  5.16658  3.01284      2 l - - -
          2.68618  4.42225  2.77519  2.73123  3.46354  2.40513  3.72494  3.29354  2.67741  2.69355  4.24690  2.90347  2.73739  3.18146  2.89801  2.37887  2.77519  2.98518  4.58477  3.61503
          0.00632  5.46250  6.18484  0.61958  0.77255  0.48576  0.95510
      3   1.34959  4.59685  5.05662  4.45261  1.65917  4.37363  4.70832  2.30837  3.62348  2.61310  3.71471  4.49676  4.73648  4.42167  4.31873  3.68205  3.03716  1.99617  5.23715  4.05754      3 a - - -
          2.68618  4.42225  2.77519  2.73123  3.46354  2.40513  3.72494  3.29354  2.67741  2.69355  4.24690  2.90347  2.73739  3.18146  2.89801  2.37887  2.77519  2.98518  4.58477  3.61503
          0.03825  5.46250  3.40276  0.61958  0.77255  0.48576  0.95510
      4   2.26822  4.91174  3.39372  3.30862  3.39230  4.05852  3.06253  3.06242  3.27427  3.13004  4.01129  3.74558  2.55772  3.58898  3.65767  1.98041  2.26856  1.83117  5.48338  4.23385      4 v - - -
          2.68618  4.42225  2.77519  2.73123  3.46354  2.40513  3.72494  3.29354  2.67741  2.69355  4.24690  2.90347  2.73739  3.18146  2.89801  2.37887  2.77519  2.98518  4.58477  3.61503
          0.00653  5.43078  6.15313  0.61958  0.77255  0.61662  0.77602
      5   3.13512  3.88142  4.58568  2.59123  2.42816  3.73488  2.32596  2.52527  3.43294  2.37023  3.11122  3.76776  4.60515  4.10310  4.06575  2.44660  2.42726  2.26837  4.02805  3.58525      5 v - - -
          2.68618  4.42225  2.77519  2.73123  3.46354  2.40513  3.72494  3.29354  2.67741  2.69355  4.24690  2.90347  2.73739  3.18146  2.89801  2.37887  2.77519  2.98518  4.58477  3.61503
          0.00653  5.43078  6.15313  0.61958  0.77255  0.61662  0.77602
      6   2.30973  3.64859  3.47577  2.59490  2.81154  3.54262  2.49143  3.97429  2.79625  2.62786  3.75409  2.78347  4.30489  2.58287  3.12044  2.20463  2.84738  3.64499  5.80834  3.52902      6 s - - -
          2.68618  4.42225  2.77519  2.73123  3.46354  2.40513  3.72494  3.29354  2.67741  2.69355  4.24690  2.90347  2.73739  3.18146  2.89801  2.37887  2.77519  2.98518  4.58477  3.61503
          0.00653  5.43078  6.15313  0.61958  0.77255  0.61662  0.77602
      7   2.84413  3.84727  5.48203  4.87378  2.28737  4.72514  5.05833  2.97940  4.67318  0.67697  3.24795  4.88838  5.03763  4.75939  4.67230  4.04767  3.74938  2.35968  5.46751  4.33316      7 L - - -
          2.68618  4.42225  2.77519  2.73123  3.46354  2.40513  3.72494  3.29354  2.67741  2.69355  4.24690  2.90347  2.73739  3.18146  2.89801  2.37887  2.77519  2.98518  4.58477  3.61503
          0.02962  5.43078  3.69651  0.61958  0.77255  0.61662  0.77602
      8   2.48878  3.78708  2.57880  2.10017  4.01383  3.01567  4.03007  3.25162  2.53053  3.61292  4.60050  3.04692  4.23549  2.62496  2.34759  2.27317  2.55245  3.94431  5.99513  3.76890      8 e - - -
          2.68618  4.42225  2.77519  2.73123  3.46354  2.40513  3.72494  3.29354  2.67741  2.69355  4.24690  2.90347  2.73739  3.18146  2.89801  2.37887  2.77519  2.98518  4.58477  3.61503
          0.00668  5.40784  6.13018  0.61958  0.77255  0.69943  0.68691
      9   4.02700  6.75653  1.55099  2.53827  6.06748  0.75388  4.79261  5.65146  3.93765  5.08768  5.96986  3.04160  4.83048  3.96972  4.63519  2.66336  4.34304  5.15973  7.23555  5.62860      9 g - - -
          2.68618  4.42225  2.77519  2.73123  3.46354  2.40513  3.72494  3.29354  2.67741  2.69355  4.24690  2.90347  2.73739  3.18146  2.89801  2.37887  2.77519  2.98518  4.58477  3.61503
          0.00668  5.40784  6.13018  0.61958  0.77255  0.69943  0.68691
     10   2.13350  5.56341  2.36628  2.24623  4.18389  3.84111  3.61400  3.42373  2.32964  3.45747  4.60546  2.70187  2.69120  2.97390  2.40707  2.85281  3.29652  3.20520  5.99927  3.53193     10 a - - -
          2.68618  4.42225  2.77519  2.73123  3.46354  2.40513  3.72494  3.29354  2.67741  2.69355  4.24690  2.90347  2.73739  3.18146  2.89801  2.37887  2.77519  2.98518  4.58477  3.61503
          0.00668  5.40784  6.13018  0.61958  0.77255  0.69943  0.68691
     11   0.56098  5.13116  3.35883  3.57937  4.75862  3.95769  4.68457  3.28571  3.60788  3.82243  4.66325  3.94284  3.51700  3.91373  4.00788  2.74090  3.13955  3.77502  6.11137  4.84985     11 A - - -
          2.68618  4.42225  2.77519  2.73123  3.46354  2.40513  3.72494  3.29354  2.67741  2.69355  4.24690  2.90347  2.73739  3.18146  2.89801  2.37887  2.77519  2.98518  4.58477  3.61503
          0.00668  5.40784  6.13018  0.61958  0.77255  0.37215  1.16876
     12   2.08564  5.48595  3.40666  2.84941  4.78258  3.89748  2.49828  4.23462  2.38221  2.05372  4.54002  3.38730  3.70398  2.54784  2.30692  2.32968  3.33410  3.17580  5.94813  4.57031     12 l - - -
          2.68618  4.42225  2.77519  2.73123  3.46354  2.40513  3.72494  3.29354  2.67741  2.69355  4.24690  2.90347  2.73739  3.18146  2.89801  2.37887  2.77519  2.98518  4.58477  3.61503
          0.00632  5.46250  6.18484  0.61958  0.77255  0.48576  0.95510
     13   2.56309  5.57494  3.11617  2.57857  3.98279  3.87313  2.96144  3.46811  2.64616  2.90642  4.07966  2.61470  3.54028  2.43203  2.85775  2.08627  2.03241  3.95880  6.01522  4.61197     13 t - - -
          2.68618  4.42225  2.77519  2.73123  3.46354  2.40513  3.72494  3.29354  2.67741  2.69355  4.24690  2.90347  2.73739  3.18146  2.89801  2.37887  2.77519  2.98518  4.58477  3.61503
          0.00632  5.46250  6.18484  0.61958  0.77255  0.48576  0.95510
     14   3.37364  3.95574  4.94659  4.37077  3.55916  4.45587  3.62285  2.95522  4.14910  2.75384  3.93224  4.47616  3.60864  4.38362  4.27349  3.76550  3.61241  3.07945  0.64598  3.73904     14 W - - -
          2.68618  4.42225  2.77519  2.73123  3.46354  2.40513  3.72494  3.29354  2.67741  2.69355  4.24690  2.90347  2.73739  3.18146  2.89801  2.37887  2.77519  2.98518  4.58477  3.61503
          0.00632  5.46250  6.18484  0.61958  0.77255  0.48576  0.95510
     15   2.44554  4.56534  4.96152  3.29848  2.08013  4.31361  3.39521  2.80370  3.81590  2.04646  3.68322  4.41959  4.67894  4.33895  4.24343  3.61745  3.39562  2.42577  1.83891  2.36770     15 w - - -
          2.68618  4.42225  2.77519  2.73123  3.46354  2.40513  3.72494  3.29354  2.67741  2.69355  4.24690  2.90347  2.73739  3.18146  2.89801  2.37887  2.77519  2.98518  4.58477  3.61503
          0.00632  5.46250  6.18484  0.61958  0.77255  0.48576  0.95510
     16   3.09362  5.60221  2.40007  2.44136  4.21093  3.86771  2.86788  3.92750  2.00233  3.01154  3.96619  3.11372  4.26116  2.51615  2.37261  2.14731  2.55376  3.99238  6.03540  4.62498     16 k - - -
          2.68618  4.42225  2.77519  2.73123  3.46354  2.40513  3.72494  3.29354  2.67741  2.69355  4.24690  2.90347  2.73739  3.18146  2.89801  2.37887  2.77519  2.98518  4.58477  3.61503
          0.00632  5.46250  6.18484  0.61958  0.77255  0.48576  0.95510
     17   2.56217  4.38647  3.36194  2.68729  4.88724  3.24041  3.53097  3.79741  2.80740  3.85805  4.00826  2.31386  3.06044  2.30248  2.42799  1.75092  2.79183  3.94134  4.47970  4.60512     17 s - - -
          2.68618  4.42225  2.77519  2.73123  3.46354  2.40513  3.72494  3.29354  2.67741  2.69355  4.24690  2.90347  2.73739  3.18146  2.89801  2.37887  2.77519  2.98518  4.58477  3.61503
          0.00632  5.46250  6.18484  0.61958  0.77255  0.48576  0.95510
     18   2.78895  4.55151  5.03813  4.42875  2.65511  4.32231  3.40561  2.56965  3.62952  1.20866  3.30472  4.45525  4.68689  4.38069  3.77275  2.67560  3.39497  1.95632  5.17187  3.02397     18 l - - -
          2.68618  4.42225  2.77519  2.73123  3.46354  2.40513  3.72494  3.29354  2.67741  2.69355  4.24690  2.90347  2.73739  3.18146  2.89801  2.37887  2.77519  2.98518  4.58477  3.61503
          0.00632  5.46250  6.18484  0.61958  0.77255  0.48576  0.95510
     19   2.83926  5.51636  2.99491  2.19629  4.00272  3.88544  4.07671  3.13902  2.21128  2.52685  4.03017  2.95354  2.86312  2.74842  2.63543  2.75362  2.99205  2.31968  5.97139  4.58343     19 e - - -
          2.68618  4.42225  2.77519  2.73123  3.46354  2.40513  3.72494  3.29354  2.67741  2.69355  4.24690  2.90347  2.73739  3.18146  2.89801  2.37887  2.77519  2.98518  4.58477  3.61503
          0.00632  5.46250  6.18484  0.61958  0.77255  0.48576  0.95510
     20   1.99558  5.60414  2.81512  2.41656  4.94917  3.06865  3.77460  4.43512  2.48569  3.33418  4.64481  3.33484  2.47703  2.19991  2.59332  2.41727  2.74934  3.73616  6.03684  4.62591     20 a - - -
          2.68618  4.42225  2.77519  2.73123  3.46354  2.40513  3.72494  3.29354  2.67741  2.69355  4.24690  2.90347  2.73739  3.18146  2.89801  2.37887  2.77519  2.98518  4.58477  3.61503
          0.00632  5.46250  6.18484  0.61958  0.77255  0.48576  0.95510
     21   2.92862  5.60464  2.81284  2.53290  4.94985  2.54165  4.05440  4.43592  2.38250  3.25455  4.64527  2.23259  3.85350  2.91806  1.87224  2.29121  2.65945  3.56608  6.03722  4.62619     21 r - - -
          2.68618  4.42225  2.77519  2.73123  3.46354  2.40513  3.72494  3.29354  2.67741  2.69355  4.24690  2.90347  2.73739  3.18146  2.89801  2.37887  2.77519  2.98518  4.58477  3.61503
          0.00632  5.46250  6.18484  0.61958  0.77255  0.48576  0.95510
     22   2.80888  4.25709  2.79706  2.53629  4.93127  2.96058  3.66990  3.73180  2.60808  3.45530  4.63373  2.46399  4.26311  2.62162  2.39149  1.73760  2.74441  3.97935  3.90717  3.93055     22 s - - -
          2.68618  4.42225  2.77519  2.73123  3.46354  2.40513  3.72494  3.29354  2.67741  2.69355  4.24690  2.90347  2.73739  3.18146  2.89801  2.37887  2.77519  2.98518  4.58477  3.61503
          0.00632  5.46250  6.18484  0.61958  0.77255  0.48576  0.95510
     23   2.88030  5.12105  3.07185  2.55244  3.72520  3.45473  4.21644  1.70976  2.88327  2.61857  3.60013  3.58886  2.79219  2.96651  2.74679  3.21292  2.66858  2.57878  5.65989  4.36851     23 i - - -
          2.68618  4.42225  2.77519  2.73123  3.46354  2.40513  3.72494  3.29354  2.67741  2.69355  4.24690  2.90347  2.73739  3.18146  2.89801  2.37887  2.77519  2.98518  4.58477  3.61503
          0.00632  5.46250  6.18484  0.61958  0.77255  0.48576  0.95510
     24   2.88116  5.56489  2.07359  2.61292  3.57434  2.80949  4.06405  3.61574  2.47511  3.86300  4.60999  2.50157  3.55635  2.87473  2.61370  2.78768  2.69684  3.04059  4.24596  2.77602     24 d - - -
          2.68618  4.42225  2.77519  2.73123  3.46354  2.40513  3.72494  3.29354  2.67741  2.69355  4.24690  2.90347  2.73739  3.18146  2.89801  2.37887  2.77519  2.98518  4.58477  3.61503
          0.36257  5.46250  1.20439  0.61958  0.77255  0.48576  0.95510
     25   2.01173  5.39518  2.70861  2.53285  4.72446  2.95651  3.89136  4.19945  2.48722  2.74137  4.44002  2.50328  3.16800  2.79423  2.60135  2.70195  2.76268  3.08949  5.83743  3.81448     25 a - - -
          2.68599  4.42215  2.77467  2.73149  3.46402  2.40533  3.72472  3.29357  2.67772  2.69391  4.24631  2.90332  2.73749  3.18189  2.89755  2.37887  2.77556  2.98433  4.58562  3.61441
          1.04090  0.67051  1.99943  1.27115  0.32921  1.33317  0.30604
     26   2.66583  4.57351  3.15845  2.99877  2.53980  3.42827  4.12761  2.27595  3.18242  2.57353  3.21786  3.62553  2.69863  3.47877  3.07450  2.33657  3.11102  2.28032  5.15890  3.92945     38 i - - -
          2.68618  4.42225  2.77519  2.73123  3.46354  2.40513  3.72494  3.29354  2.67741  2.69355  4.24690  2.90347  2.73739  3.18146  2.89801  2.37887  2.77519  2.98518  4.58477  3.61503
          0.01040  4.96683  5.68917  0.61958  0.77255  1.35946  0.29679
     27   2.87630  5.31871  2.44726  2.21150  3.47702  3.16507  3.01345  2.92859  2.35703  3.61215  3.49014  3.13998  4.05383  2.52349  2.72484  2.41697  2.82541  3.11845  5.76827  4.37460     39 e - - -
          2.68618  4.42225  2.77519  2.73123  3.46354  2.40513  3.72494  3.29354  2.67741  2.69355  4.24690  2.90347  2.73739  3.18146  2.89801  2.37887  2.77519  2.98518  4.58477  3.61503
          0.01006  4.99964  5.72199  0.61958  0.77255  0.15630  1.93310
     28   3.11020  5.27559  3.00368  2.97481  3.88123  3.94832  4.15721  2.62266  2.96823  3.53137  4.35114  2.28766  4.33894  3.08085  3.42772  1.46406  1.89875  3.23674  5.78710  4.45995     40 s - - -
          2.68618  4.42225  2.77519  2.73123  3.46354  2.40513  3.72494  3.29354  2.67741  2.69355  4.24690  2.90347  2.73739  3.18146  2.89801  2.37887  2.77519  2.98518  4.58477  3.61503
          0.00632  5.46250  6.18484  0.61958  0.77255  0.48576  0.95510
     29   5.52905  6.39569  6.33678  6.32766  1.67817  5.96377  4.54158  5.06189  6.08592  4.18028  5.56959  5.47387  6.20436  5.66450  5.83064  5.37565  5.71345  3.72642  0.49089  2.24016     41 W - - -
          2.68618  4.42225  2.77519  2.73123  3.46354  2.40513  3.72494  3.29354  2.67741  2.69355  4.24690  2.90347  2.73739  3.18146  2.89801  2.37887  2.77519  2.98518  4.58477  3.61503
          0.00632  5.46250  6.18484  0.61958  0.77255  0.48576  0.95510
     30   2.27717  5.60343  2.20891  2.24626  4.00021  3.86744  3.13329  4.43393  2.27823  3.15196  4.64417  2.53128  3.50141  2.81905  2.62225  2.57987  2.79611  3.65922  4.25348  4.62554     42 d - - -
          2.68618  4.42225  2.77519  2.73123  3.46354  2.40513  3.72494  3.29354  2.67741  2.69355  4.24690  2.90347  2.73739  3.18146  2.89801  2.37887  2.77519  2.98518  4.58477  3.61503
          0.00632  5.46250  6.18484  0.61958  0.77255  0.48576  0.95510
     31   2.51032  5.60605  1.95639  1.78007  4.11380  3.54155  3.60744  4.43838  2.32959  3.91165  3.92415  2.72981  4.26056  2.20663  3.12538  2.88660  2.74742  3.99709  6.03828  4.62686     43 e - - -
          2.68618  4.42225  2.77519  2.73123  3.46354  2.40513  3.72494  3.29354  2.67741  2.69355  4.24690  2.90347  2.73739  3.18146  2.89801  2.37887  2.77519  2.98518  4.58477  3.61503
          0.00632  5.46250  6.18484  0.61958  0.77255  0.48576  0.95510
     32   3.45180  2.91353  5.41755  4.80681  1.62169  4.63743  4.93854  2.61143  4.59657  1.10522  2.81590  4.79871  4.96333  4.68605  4.58935  3.95583  3.67977  2.97551  5.35366  2.55409     44 l - - -
          2.68618  4.42225  2.77519  2.73123  3.46354  2.40513  3.72494  3.29354  2.67741  2.69355  4.24690  2.90347  2.73739  3.18146  2.89801  2.37887  2.77519  2.98518  4.58477  3.61503
          0.00632  5.46250  6.18484  0.61958  0.77255  0.48576  0.95510
     33   3.09806  3.47067  3.14809  2.49202  3.95056  3.89233  4.08520  3.79926  1.54464  3.76999  3.61170  3.19012  4.28451  3.00721  2.42611  2.42628  2.34757  2.87048  5.94798  3.92254     45 k - - -
          2.68618  4.42225  2.77519  2.73123  3.46354  2.40513  3.72494  3.29354  2.67741  2.69355  4.24690  2.90347  2.73739  3.18146  2.89801  2.37887  2.77519  2.98518  4.58477  3.61503
          0.00632  5.46250  6.18484  0.61958  0.77255  0.48576  0.95510
     34   2.41472  5.59112  2.17238  2.20924  4.29579  3.42634  3.60925  3.87267  2.14667  3.16119  3.50546  2.87270  4.26321  3.15568  2.60705  2.66465  2.33528  3.37434  6.02722  4.61971     46 k - - -
          2.68618  4.42225  2.77519  2.73123  3.46354  2.40513  3.72494  3.29354  2.67741  2.69355  4.24690  2.90347  2.73739  3.18146  2.89801  2.37887  2.77519  2.98518  4.58477  3.61503
          0.00632  5.46250  6.18484  0.61958  0.77255  0.48576  0.95510
     35   1.82176  5.48217  3.04855  1.91538  4.77800  3.52969  3.64972  3.61825  2.58887  2.64751  3.87468  3.38280  4.28521  3.20118  2.47408  2.65844  2.97773  2.58386  5.94551  4.56639     47 a - - -
          2.68618  4.42225  2.77519  2.73123  3.46354  2.40513  3.72494  3.29354  2.67741  2.69355  4.24690  2.90347  2.73739  3.18146  2.89801  2.37887  2.77519  2.98518  4.58477  3.61503
          0.00632  5.46250  6.18484  0.61958  0.77255  0.48576  0.95510
     36   3.86303  5.17710  5.80989  5.21032  0.83987  5.08066  5.31432  2.90094  5.01550  1.60359  2.44404  5.23127  5.33075  5.02871  4.98571  4.41342  4.08256  2.65919  5.59849  3.07590     48 f - - -
          2.68618  4.42225  2.77519  2.73123  3.46354  2.40513  3.72494  3.29354  2.67741  2.69355  4.24690  2.90347  2.73739  3.18146  2.89801  2.37887  2.77519  2.98518  4.58477  3.61503
          0.00632  5.46250  6.18484  0.61958  0.77255  0.48576  0.95510
     37   2.65445  4.06598  3.58307  2.82714  4.41673  3.96803  3.68430  2.96234  2.16222  1.90914  3.44612  2.46046  4.35612  2.89044  2.21108  3.17738  3.10133  3.05232  5.72930  3.81392     49 l - - -
          2.68618  4.42225  2.77519  2.73123  3.46354  2.40513  3.72494  3.29354  2.67741  2.69355  4.24690  2.90347  2.73739  3.18146  2.89801  2.37887  2.77519  2.98518  4.58477  3.61503
          0.00632  5.46250  6.18484  0.61958  0.77255  0.48576  0.95510
     38   2.07645  5.59137  2.75612  2.53012  4.93087  3.43926  3.58533  3.83681  1.71401  2.87740  4.63350  3.09918  4.26320  3.15562  2.50127  2.46417  2.60069  3.27963  6.02741  4.61984     50 k - - -
          2.68618  4.42225  2.77519  2.73123  3.46354  2.40513  3.72494  3.29354  2.67741  2.69355  4.24690  2.90347  2.73739  3.18146  2.89801  2.37887  2.77519  2.98518  4.58477  3.61503
          0.00632  5.46250  6.18484  0.61958  0.77255  0.48576  0.95510
     39   2.94478  5.59719  3.34702  2.64177  4.93904  3.86982  3.04879  4.42244  1.99019  3.56548  4.13239  2.30001  4.26315  2.20040  2.03632  2.63308  2.58561  2.92287  6.03163  4.62306     51 k - - -
          2.68618  4.42225  2.77519  2.73123  3.46354  2.40513  3.72494  3.29354  2.67741  2.69355  4.24690  2.90347  2.73739  3.18146  2.89801  2.37887  2.77519  2.98518  4.58477  3.61503
          0.00632  5.46250  6.18484  0.61958  0.77255  0.48576  0.95510
     40   3.08277  5.10518  4.40788  3.88630  1.07983  4.44715  3.02079  3.61057  3.83147  3.27833  4.22342  2.98262  4.82189  3.64003  4.13093  3.12859  3.71786  3.40338  5.09134  1.58128     52 f - - -
          2.68618  4.42225  2.77519  2.73123  3.46354  2.40513  3.72494  3.29354  2.67741  2.69355  4.24690  2.90347  2.73739  3.18146  2.89801  2.37887  2.77519  2.98518  4.58477  3.61503
          0.00632  5.46250  6.18484  0.61958  0.77255  0.48576  0.95510
     41   2.47859  5.03839  3.46756  2.39096  2.28577  3.03058  4.25682  2.94559  3.16239  2.36577  4.12999  3.25987  4.41333  2.82445  2.91161  2.75662  3.35272  2.17983  5.59165  3.25989     53 v - - -
          2.68618  4.42225  2.77519  2.73123  3.46354  2.40513  3.72494  3.29354  2.67741  2.69355  4.24690  2.90347  2.73739  3.18146  2.89801  2.37887  2.77519  2.98518  4.58477  3.61503
          0.00632  5.46250  6.18484  0.61958  0.77255  0.48576  0.95510
     42   2.83859  5.58533  2.45227  2.64076  4.92223  2.72300  3.43415  3.94814  2.61945  3.54049  4.62814  2.94931  1.74804  2.91576  3.02516  2.48896  3.08532  2.75340  6.02294  3.90370     54 p - - -
          2.68618  4.42225  2.77519  2.73123  3.46354  2.40513  3.72494  3.29354  2.67741  2.69355  4.24690  2.90347  2.73739  3.18146  2.89801  2.37887  2.77519  2.98518  4.58477  3.61503
          0.30846  5.46250  1.34254  0.61958  0.77255  0.48576  0.95510
     43   2.64895  5.39032  2.83929  2.31018  2.74968  3.73245  3.92278  4.17473  2.66928  2.65154  4.43836  2.73138  2.61488  2.52028  3.01105  2.12949  2.69356  3.76603  5.83990  4.44620     55 s - - -
          2.68618  4.42225  2.77519  2.73123  3.46354  2.40513  3.72494  3.29354  2.67741  2.69355  4.24690  2.90347  2.73739  3.18146  2.89801  2.37887  2.77519  2.98518  4.58477  3.61503
          0.00854  5.16258  5.88493  0.61958  0.77255  0.58492  0.81452
     44   2.31793  5.46976  2.70656  2.26351  4.00946  2.80234  3.45998  2.70088  2.60759  3.76352  3.13258  2.87699  4.20274  2.70664  2.83604  2.52395  2.94060  3.44174  5.91888  3.11670     56 e - - -
          2.68618  4.42225  2.77519  2.73123  3.46354  2.40513  3.72494  3.29354  2.67741  2.69355  4.24690  2.90347  2.73739  3.18146  2.89801  2.37887  2.77519  2.98518  4.58477  3.61503
          0.00725  5.32585  6.04820  0.61958  0.77255  0.35176  1.21554
     45   2.50648  4.36193  2.82913  2.10032  4.91749  3.86069  2.95314  4.39876  2.37432  3.52154  4.62152  3.07591  4.25401  2.68303  2.06785  3.04981  2.60655  2.48252  6.01581  3.30757     57 r - - -
          2.68618  4.42225  2.77519  2.73123  3.46354  2.40513  3.72494  3.29354  2.67741  2.69355  4.24690  2.90347  2.73739  3.18146  2.89801  2.37887  2.77519  2.98518  4.58477  3.61503
          0.00644  5.44416  6.16650  0.61958  0.77255  0.56400  0.84148
     46   2.93164  5.46411  3.15594  2.46772  4.75689  3.28987  3.51567  2.83041  2.12592  3.02640  3.11251  3.19330  3.23535  2.98627  2.73163  2.28104  2.61150  3.07489  4.16598  3.35454     58 k - - -
          2.68618  4.42225  2.77519  2.73123  3.46354  2.40513  3.72494  3.29354  2.67741  2.69355  4.24690  2.90347  2.73739  3.18146  2.89801  2.37887  2.77519  2.98518  4.58477  3.61503
          0.00644  5.44416  6.16650  0.61958  0.77255  0.56400  0.84148
     47   2.24151  5.59371  1.87045  2.32709  4.93844  2.87945  3.61493  3.85002  2.56215  3.89885  4.63446  2.91906  3.18766  2.79126  2.49618  2.47371  3.31503  3.49483  4.57271  3.94154     59 d - - -
          2.68618  4.42225  2.77519  2.73123  3.46354  2.40513  3.72494  3.29354  2.67741  2.69355  4.24690  2.90347  2.73739  3.18146  2.89801  2.37887  2.77519  2.98518  4.58477  3.61503
          0.00644  5.44416  6.16650  0.61958  0.77255  0.43977  1.03334
     48   2.36461  5.55488  2.50817  2.25644  3.87110  3.23915  4.06659  3.21754  2.68879  2.58335  4.60109  3.35319  3.44925  2.39070  2.40031  2.60826  2.67554  3.52195  6.00029  3.83003     60 e - - -
          2.68618  4.42225  2.77519  2.73123  3.46354  2.40513  3.72494  3.29354  2.67741  2.69355  4.24690  2.90347  2.73739  3.18146  2.89801  2.37887  2.77519  2.98518  4.58477  3.61503
          0.00632  5.46250  6.18484  0.61958  0.77255  0.48576  0.95510
     49   2.21581  4.80269  4.12045  3.55047  3.93220  4.14379  4.40940  3.28855  2.51740  1.54300  2.87779  3.92616  3.81325  3.78357  3.82007  2.08237  2.26482  2.69950  5.39380  4.17027     61 l - - -
          2.68618  4.42225  2.77519  2.73123  3.46354  2.40513  3.72494  3.29354  2.67741  2.69355  4.24690  2.90347  2.73739  3.18146  2.89801  2.37887  2.77519  2.98518  4.58477  3.61503
          0.00632  5.46250  6.18484  0.61958  0.77255  0.48576  0.95510
     50   2.53664  5.59763  2.83673  1.92350  4.93984  3.86860  3.32749  2.84055  2.39523  3.58272  3.93545  2.94944  4.26200  2.36036  2.08519  2.75229  3.09196  3.09914  6.03203  4.62281     62 e - - -
          2.68618  4.42225  2.77519  2.73123  3.46354  2.40513  3.72494  3.29354  2.67741  2.69355  4.24690  2.90347  2.73739  3.18146  2.89801  2.37887  2.77519  2.98518  4.58477  3.61503
          0.00632  5.46250  6.18484  0.61958  0.77255  0.48576  0.95510
     51   2.24851  4.61114  2.79861  2.17071  4.11757  3.86905  3.69276  4.41970  2.70327  3.89889  3.96493  2.34403  4.26243  2.49700  2.40118  2.24585  2.55427  2.98796  6.03028  4.62168     63 e - - -
          2.68618  4.42225  2.77519  2.73123  3.46354  2.40513  3.72494  3.29354  2.67741  2.69355  4.24690  2.90347  2.73739  3.18146  2.89801  2.37887  2.77519  2.98518  4.58477  3.61503
          0.07634  5.46250  2.66996  0.61958  0.77255  0.48576  0.95510
     52   2.60507  5.57471  1.98309  1.76766  4.92095  3.83322  2.89543  4.40755  2.10766  3.88022  4.61527  3.13498  4.22746  2.42161  2.39547  3.02323  3.29282  3.53643  6.00634  4.59492     64 e - - -
          2.68618  4.42225  2.77519  2.73123  3.46354  2.40513  3.72494  3.29354  2.67741  2.69355  4.24690  2.90347  2.73739  3.18146  2.89801  2.37887  2.77519  2.98518  4.58477  3.61503
          0.00678  5.39294  6.11529  0.61958  0.77255  0.35066  1.21815
     53   3.99712  5.29243  5.89666  5.33156  1.87633  5.18694  5.20614  1.51262  5.13345  0.85282  3.78505  5.29146  5.42872  5.11180  5.08591  4.52537  4.21456  3.34645  3.87627  3.63189     65 l - - -
          2.68618  4.42225  2.77519  2.73123  3.46354  2.40513  3.72494  3.29354  2.67741  2.69355  4.24690  2.90347  2.73739  3.18146  2.89801  2.37887  2.77519  2.98518  4.58477  3.61503
          0.00632  5.46250  6.18484  0.61958  0.77255  0.48576  0.95510
     54   3.10445  5.34229  3.19850  2.76263  3.27728  3.92790  3.66362  3.52163  2.21726  2.31589  3.83555  3.44940  4.31819  2.60327  2.12601  2.19106  3.33575  3.67998  2.61603  3.88724     66 r - - -
          2.68618  4.42225  2.77519  2.73123  3.46354  2.40513  3.72494  3.29354  2.67741  2.69355  4.24690  2.90347  2.73739  3.18146  2.89801  2.37887  2.77519  2.98518  4.58477  3.61503
          0.00632  5.46250  6.18484  0.61958  0.77255  0.48576  0.95510
     55   2.66243  4.38094  2.72093  2.29167  4.95135  2.99742  3.26139  4.43776  2.65366  3.44705  4.64614  2.16646  4.26054  2.23690  2.73164  1.99468  2.73939  3.99662  6.03795  4.62661     67 s - - -
          2.68618  4.42225  2.77519  2.73123  3.46354  2.40513  3.72494  3.29354  2.67741  2.69355  4.24690  2.90347  2.73739  3.18146  2.89801  2.37887  2.77519  2.98518  4.58477  3.61503
          0.00632  5.46250  6.18484  0.61958  0.77255  0.48576  0.95510
     56   3.83414  3.47003  5.82369  5.21980  2.10746  5.08513  5.41538  1.98111  5.02917  0.78818  2.97730  5.25660  5.33713  5.05962  5.00625  4.42100  4.05694  2.39329  5.72642  4.63804     68 l - - -
          2.68618  4.42225  2.77519  2.73123  3.46354  2.40513  3.72494  3.29354  2.67741  2.69355  4.24690  2.90347  2.73739  3.18146  2.89801  2.37887  2.77519  2.98518  4.58477  3.61503
          0.00632  5.46250  6.18484  0.61958  0.77255  0.48576  0.95510
     57   2.89576  5.56813  3.36434  2.80780  4.89724  3.87854  3.70854  3.80244  2.20430  3.86598  4.61328  2.95345  4.27140  2.30877  1.82529  2.29343  2.03941  2.81785  6.00995  4.61033     69 r - - -
          2.68618  4.42225  2.77519  2.73123  3.46354  2.40513  3.72494  3.29354  2.67741  2.69355  4.24690  2.90347  2.73739  3.18146  2.89801  2.37887  2.77519  2.98518  4.58477  3.61503
          0.00632  5.46250  6.18484  0.61958  0.77255  0.48576  0.95510
     58   3.51440  5.84504  3.70403  2.51880  5.20275  4.20189  4.30918  4.61690  2.55298  3.59493  4.03201  3.68692  4.60007  0.61756  3.15636  3.48860  3.72240  4.24975  6.21091  4.90936     70 Q - - -
          2.68639  4.42246  2.77521  2.73110  3.46375  2.40503  3.72515  3.29375  2.67715  2.69359  4.24711  2.90349  2.73761  3.18119  2.89792  2.37894  2.77492  2.98539  4.58338  3.61524
          0.71029  1.11795  1.70624  0.05699  2.89320  0.48576  0.95510
     59   2.52455  5.45537  2.83468  2.70875  4.77969  1.50906  3.50743  4.25120  2.71044  3.75186  4.50178  2.72368  2.65998  2.89231  2.89275  2.69433  3.08137  3.47287  4.31063  4.50289     72 g - - -
          2.68618  4.42225  2.77519  2.73123  3.46354  2.40513  3.72494  3.29354  2.67741  2.69355  4.24690  2.90347  2.73739  3.18146  2.89801  2.37887  2.77519  2.98518  4.58477  3.61503
          0.00771  5.26467  5.98702  0.61958  0.77255  0.23994  1.54496
     60   2.91926  5.60547  2.65233  2.52505  4.95060  2.81138  3.62887  4.43667  2.43001  3.91078  4.64616  2.02588  3.70767  3.15152  2.93342  2.32934  1.70101  3.72461  6.03810  4.62700     73 t - - -
          2.68618  4.42225  2.77519  2.73123  3.46354  2.40513  3.72494  3.29354  2.67741  2.69355  4.24690  2.90347  2.73739  3.18146  2.89801  2.37887  2.77519  2.98518  4.58477  3.61503
          0.00632  5.46250  6.18484  0.61958  0.77255  0.48576  0.95510
     61   3.09473  5.60464  3.11864  1.44970  4.94955  2.71096  4.05529  4.43526  2.01911  3.60649  3.00372  2.89337  4.26181  2.97669  2.32543  2.72691  3.08519  3.99521  6.03729  4.62665     74 e - - -
          2.68618  4.42225  2.77519  2.73123  3.46354  2.40513  3.72494  3.29354  2.67741  2.69355  4.24690  2.90347  2.73739  3.18146  2.89801  2.37887  2.77519  2.98518  4.58477  3.61503
          0.00632  5.46250  6.18484  0.61958  0.77255  0.48576  0.95510
     62   2.58207  5.45530  3.42703  2.87398  4.75692  2.95820  3.65445  4.20361  2.59786  3.75105  4.52803  3.40780  2.96428  3.22988  3.35226  1.39529  1.77745  3.82668  5.94049  3.88337     75 s - - -
          2.68618  4.42225  2.77519  2.73123  3.46354  2.40513  3.72494  3.29354  2.67741  2.69355  4.24690  2.90347  2.73739  3.18146  2.89801  2.37887  2.77519  2.98518  4.58477  3.61503
          0.00632  5.46250  6.18484  0.61958  0.77255  0.48576  0.95510
     63   3.31884  4.97663  5.70414  5.13279  2.55261  4.99697  5.41387  1.73428  4.96273  1.49089  3.99740  5.16260  5.30345  5.10181  4.99656  4.34047  3.40647  1.05127  5.83773  4.66885     76 v - - -
          2.68618  4.42225  2.77519  2.73123  3.46354  2.40513  3.72494  3.29354  2.67741  2.69355  4.24690  2.90347  2.73739  3.18146  2.89801  2.37887  2.77519  2.98518  4.58477  3.61503
          0.00632  5.46250  6.18484  0.61958  0.77255  0.48576  0.95510
     64   2.18010  3.53999  2.76418  2.14050  4.32428  3.87387  3.61285  4.37840  2.66885  3.87055  4.11915  3.12740  4.26700  2.80601  1.79038  2.60268  2.54272  3.25637  4.51416  4.61022     77 r - - -
          2.68618  4.42225  2.77519  2.73123  3.46354  2.40513  3.72494  3.29354  2.67741  2.69355  4.24690  2.90347  2.73739  3.18146  2.89801  2.37887  2.77519  2.98518  4.58477  3.61503
          0.00632  5.46250  6.18484  0.61958  0.77255  0.48576  0.95510
     65   2.64633  5.59289  2.11184  1.11866  4.93125  3.87201  4.06112  4.41268  2.65669  3.56061  3.96021  3.34193  4.26629  2.75884  3.29101  2.75424  3.07599  3.48794  6.02955  4.62233     78 e - - -
          2.68618  4.42225  2.77519  2.73123  3.46354  2.40513  3.72494  3.29354  2.67741  2.69355  4.24690  2.90347  2.73739  3.18146  2.89801  2.37887  2.77519  2.98518  4.58477  3.61503
          0.00632  5.46250  6.18484  0.61958  0.77255  0.48576  0.95510
     66   2.29877  5.85685  5.70725  5.42963  2.04511  5.34749  4.57127  4.47273  5.29619  3.90262  5.07213  3.85398  5.71649  5.23735  5.29474  4.72727  4.82755  4.32611  4.71585  0.46546     79 Y - - -
          2.68618  4.42225  2.77519  2.73123  3.46354  2.40513  3.72494  3.29354  2.67741  2.69355  4.24690  2.90347  2.73739  3.18146  2.89801  2.37887  2.77519  2.98518  4.58477  3.61503
          0.04003  5.46250  3.35260  0.61958  0.77255  0.48576  0.95510
     67   2.61029  4.68092  3.31779  2.77426  3.07614  4.18682  2.88241  2.37834  3.31672  2.23730  3.46206  4.07089  4.55995  3.94519  3.53549  2.99466  2.86569  2.06407  2.80397  2.75434     80 v - - -
          2.68618  4.42225  2.77519  2.73123  3.46354  2.40513  3.72494  3.29354  2.67741  2.69355  4.24690  2.90347  2.73739  3.18146  2.89801  2.37887  2.77519  2.98518  4.58477  3.61503
          0.00654  5.42901  6.15136  0.61958  0.77255  0.62332  0.76821
     68   2.25608  5.58628  2.77228  2.03442  4.93123  3.21075  3.28625  3.66986  2.27593  2.99450  4.62698  3.06060  4.24324  2.43426  2.41533  2.70026  2.52735  3.59112  6.01905  4.60817     81 e - - -
          2.68618  4.42225  2.77519  2.73123  3.46354  2.40513  3.72494  3.29354  2.67741  2.69355  4.24690  2.90347  2.73739  3.18146  2.89801  2.37887  2.77519  2.98518  4.58477  3.61503
          0.00654  5.42901  6.15136  0.61958  0.77255  0.62332  0.76821
     69   2.75355  5.60179  3.35213  1.79494  4.94948  3.87130  4.05117  4.43087  2.07259  3.46374  4.64335  3.09648  4.26378  2.77498  1.43143  2.77719  2.91869  3.99419  6.02926  4.62581     82 r - - -
          2.68618  4.42225  2.77519  2.73123  3.46354  2.40513  3.72494  3.29354  2.67741  2.69355  4.24690  2.90347  2.73739  3.18146  2.89801  2.37887  2.77519  2.98518  4.58477  3.61503
          0.00654  5.42901  6.15136  0.61958  0.77255  0.52937  0.88911
     70   3.70873  5.06933  5.38327  4.83323  0.65033  4.81678  3.51578  3.34651  4.61939  1.95651  2.83225  4.83477  5.13913  3.81140  4.66749  4.13632  3.93437  3.27649  5.09589  3.61506     83 F - - -
          2.68619  4.42226  2.77521  2.73125  3.46355  2.40514  3.72496  3.29355  2.67742  2.69356  4.24691  2.90348  2.73741  3.18148  2.89773  2.37888  2.77521  2.98520  4.58478  3.61505
          0.03233  3.51619  6.16526  0.34945  1.22103  0.56906  0.83484
     71   3.08366  5.59660  2.86379  1.98002  4.94273  3.85692  3.61548  4.42937  1.66466  3.49853  4.63701  2.34330  4.25045  2.63995  2.55455  2.60476  2.44462  3.62037  6.02859  4.61711     85 k - - -
          2.68618  4.42225  2.77519  2.73123  3.46354  2.40513  3.72494  3.29354  2.67741  2.69355  4.24690  2.90347  2.73739  3.18146  2.89801  2.37887  2.77519  2.98518  4.58477  3.61503
          0.00645  5.44291  6.16526  0.61958  0.77255  0.43699  1.03840
     72   3.09478  5.56968  3.13097  2.15702  4.89996  3.31498  3.63145  3.09019  2.57277  2.88304  3.89401  3.18123  4.26732  2.55118  2.10812  2.18102  2.33422  3.54120  6.01131  3.61552     86 r - - -
          2.68618  4.42225  2.77519  2.73123  3.46354  2.40513  3.72494  3.29354  2.67741  2.69355  4.24690  2.90347  2.73739  3.18146  2.89801  2.37887  2.77519  2.98518  4.58477  3.61503
          0.00632  5.46250  6.18484  0.61958  0.77255  0.48576  0.95510
     73   2.97391  4.54420  5.10572  4.49209  3.17971  3.41799  4.66523  2.10631  4.28231  1.15269  3.31505  4.48744  4.69660  3.79082  4.29893  3.64319  2.80846  2.23491  5.16573  2.36564     87 l - - -
          2.68618  4.42225  2.77519  2.73123  3.46354  2.40513  3.72494  3.29354  2.67741  2.69355  4.24690  2.90347  2.73739  3.18146  2.89801  2.37887  2.77519  2.98518  4.58477  3.61503
          0.00632  5.46250  6.18484  0.61958  0.77255  0.48576  0.95510
     74   2.00258  3.81162  4.31429  3.37708  3.83593  3.66531  4.47312  2.77556  2.97906  2.19301  2.50988  4.05434  4.56746  3.10578  2.44968  2.85264  2.87502  2.35142  3.34247  3.60292     88 a - - -
          2.68618  4.42225  2.77519  2.73123  3.46354  2.40513  3.72494  3.29354  2.67741  2.69355  4.24690  2.90347  2.73739  3.18146  2.89801  2.37887  2.77519  2.98518  4.58477  3.61503
          0.00632  5.46250  6.18484  0.61958  0.77255  0.48576  0.95510
     75   2.26380  3.67541  2.43436  2.84916  4.76515  3.51451  3.57185  4.21558  2.84826  2.85135  4.11394  3.02243  4.28723  2.64934  2.03025  2.52800  2.51786  2.74861  5.93836  3.89110     89 r - - -
          2.68618  4.42225  2.77519  2.73123  3.46354  2.40513  3.72494  3.29354  2.67741  2.69355  4.24690  2.90347  2.73739  3.18146  2.89801  2.37887  2.77519  2.98518  4.58477  3.61503
          0.00632  5.46250  6.18484  0.61958  0.77255  0.48576  0.95510
     76   3.09414  5.59286  2.52377  2.53988  3.65922  3.42622  4.05728  4.41538  2.47395  2.94291  4.63484  2.96773  4.26308  1.86860  2.13817  2.72299  3.09471  3.98082  6.02852  2.43205     90 q - - -
          2.68618  4.42225  2.77519  2.73123  3.46354  2.40513  3.72494  3.29354  2.67741  2.69355  4.24690  2.90347  2.73739  3.18146  2.89801  2.37887  2.77519  2.98518  4.58477  3.61503
          0.00632  5.46250  6.18484  0.61958  0.77255  0.48576  0.95510
     77   1.78167  2.37754  5.02192  3.78089  3.64854  3.68376  4.64893  2.30465  4.22136  1.66729  3.67302  4.44809  4.68547  4.37231  4.26665  2.90957  3.10570  1.97132  5.17502  3.56452     91 l - - -
          2.68618  4.42225  2.77519  2.73123  3.46354  2.40513  3.72494  3.29354  2.67741  2.69355  4.24690  2.90347  2.73739  3.18146  2.89801  2.37887  2.77519  2.98518  4.58477  3.61503
          0.00632  5.46250  6.18484  0.61958  0.77255  0.48576  0.95510
     78   2.65401  5.60344  2.21240  2.68065  4.94812  2.64074  3.65128  4.43382  2.61352  3.90855  3.87115  2.73450  1.89848  2.84099  2.41575  2.62265  3.15339  3.58700  6.03635  4.62562     92 p - - -
          2.68618  4.42225  2.77519  2.73123  3.46354  2.40513  3.72494  3.29354  2.67741  2.69355  4.24690  2.90347  2.73739  3.18146  2.89801  2.37887  2.77519  2.98518  4.58477  3.61503
          0.39290  5.46250  1.13737  0.61958  0.77255  0.48576  0.95510
     79   2.53682  5.39532  2.44986  2.08735  4.72981  3.31262  2.12035  3.41436  2.61468  3.69605  4.43881  2.78471  4.08085  2.97567  2.21638  2.87728  2.89633  3.78028  4.33036  4.42986     93 e - - -
          2.68616  4.42240  2.77534  2.73120  3.46369  2.40480  3.72509  3.29330  2.67756  2.69342  4.24705  2.90335  2.73754  3.18161  2.89816  2.37877  2.77534  2.98533  4.58492  3.61466
          0.54020  1.67615  1.46848  0.62399  0.76744  0.99763  0.46006
     80   2.66149  4.03642  2.54921  2.29317  4.50805  2.68800  2.52490  3.61425  2.37019  3.02900  3.53941  2.89689  4.03987  2.95956  2.86553  2.84224  2.84548  3.01185  5.68496  3.65269     96 e - - -
          2.68618  4.42225  2.77519  2.73123  3.46354  2.40513  3.72494  3.29354  2.67741  2.69355  4.24690  2.90347  2.73739  3.18146  2.89801  2.37887  2.77519  2.98518  4.58477  3.61503
          0.01076  4.93316  5.65550  0.61958  0.77255  1.12646  0.39183
     81   2.90684  4.84351  3.51340  2.95193  4.01882  2.14886  4.03423  3.15968  2.72455  2.48956  3.26432  3.08003  2.99626  2.76938  3.34979  2.33848  3.13841  2.12382  5.39377  4.11688     97 v - - -
          2.68618  4.42225  2.77519  2.73123  3.46354  2.40513  3.72494  3.29354  2.67741  2.69355  4.24690  2.90347  2.73739  3.18146  2.89801  2.37887  2.77519  2.98518  4.58477  3.61503
          0.00964  5.04279  5.76513  0.61958  0.77255  0.16463  1.88524
     82   2.92873  4.68721  4.41325  2.49669  2.47446  4.21579  4.50340  2.52277  3.40531  2.20073  2.63387  2.87473  4.58826  3.99395  2.39156  2.98414  3.09321  2.27170  3.11191  4.08958     98 l - - -
          2.68618  4.42225  2.77519  2.73123  3.46354  2.40513  3.72494  3.29354  2.67741  2.69355  4.24690  2.90347  2.73739  3.18146  2.89801  2.37887  2.77519  2.98518  4.58477  3.61503
          0.00632  5.46250  6.18484  0.61958  0.77255  0.48576  0.95510
     83   3.10152  5.61448  1.91879  2.26759  4.95974  2.88181  3.48989  4.44646  2.62714  3.91985  4.65539  2.87983  2.82125  3.15753  3.05694  2.04022  2.05115  4.00528  6.04678  4.63470     99 d - - -
          2.68618  4.42225  2.77519  2.73123  3.46354  2.40513  3.72494  3.29354  2.67741  2.69355  4.24690  2.90347  2.73739  3.18146  2.89801  2.37887  2.77519  2.98518  4.58477  3.61503
          0.00632  5.46250  6.18484  0.61958  0.77255  0.48576  0.95510
     84   3.09431  3.94937  1.87616  1.53328  4.94694  3.33011  3.43347  4.43227  2.16856  3.00774  4.64376  2.96500  3.34685  2.99976  3.28334  2.88950  3.32548  3.99295  6.03605  3.93495    100 e - - -
          2.68552  4.41633  2.77528  2.73123  3.46419  2.40527  3.72560  3.29385  2.67725  2.69355  4.24694  2.90370  2.73771  3.18138  2.89805  2.37914  2.77511  2.98510  4.58542  3.61519
          0.10079  2.36638  6.18484  2.22462  0.11441  0.48576  0.95510
     85   2.01468  5.60397  2.37827  1.68621  4.94877  3.48898  3.32274  4.43456  2.40516  3.90913  4.64472  3.33517  3.08826  2.16842  3.28245  3.05632  2.97715  3.60861  4.45693  4.62599    120 e - - -
          2.68618  4.42225  2.77519  2.73123  3.46354  2.40513  3.72494  3.29354  2.67741  2.69355  4.24690  2.90347  2.73739  3.18146  2.89801  2.37887  2.77519  2.98518  4.58477  3.61503
          0.00632  5.46250  6.18484  0.61958  0.77255  0.48576  0.95510
     86   1.72264  5.46978  2.61711  2.28354  3.88638  3.89589  4.08962  3.39442  2.58929  3.75182  3.50227  3.38813  4.28788  2.83405  3.09066  1.99705  3.08671  3.08848  5.93608  3.19233    121 a - - -
          2.68618  4.42225  2.77519  2.73123  3.46354  2.40513  3.72494  3.29354  2.67741  2.69355  4.24690  2.90347  2.73739  3.18146  2.89801  2.37887  2.77519  2.98518  4.58477  3.61503
          0.00632  5.46250  6.18484  0.61958  0.77255  0.48576  0.95510
     87   2.26393  4.87140  3.98347  3.16873  3.49569  3.35285  4.35613  2.56591  2.08442  1.59911  3.35315  3.83007  4.48536  2.60202  3.23154  3.34772  3.18826  2.67074  5.45089  4.21330    122 l - - -
          2.68618  4.42225  2.77519  2.73123  3.46354  2.40513  3.72494  3.29354  2.67741  2.69355  4.24690  2.90347  2.73739  3.18146  2.89801  2.37887  2.77519  2.98518  4.58477  3.61503
          0.00632  5.46250  6.18484  0.61958  0.77255  0.48576  0.95510
     88   2.92701  4.63114  4.62021  3.03312  3.73455  4.25782  4.56063  1.59053  3.91183  1.93315  2.51430  3.72164  4.62729  2.84042  3.39015  3.30358  3.38711  1.82371  5.24260  4.05082    123 i - - -
          2.68618  4.42225  2.77519  2.73123  3.46354  2.40513  3.72494  3.29354  2.67741  2.69355  4.24690  2.90347  2.73739  3.18146  2.89801  2.37887  2.77519  2.98518  4.58477  3.61503
          0.00632  5.46250  6.18484  0.61958  0.77255  0.48576  0.95510
     89   2.50656  5.58971  2.91521  2.06421  4.18023  3.08883  3.10775  4.41007  2.70912  3.44065  3.88707  2.93898  4.26347  2.96033  2.23284  2.07824  2.61298  2.96026  6.02617  4.01469    124 e - - -
          2.68618  4.42225  2.77519  2.73123  3.46354  2.40513  3.72494  3.29354  2.67741  2.69355  4.24690  2.90347  2.73739  3.18146  2.89801  2.37887  2.77519  2.98518  4.58477  3.61503
          0.01955  5.46250  4.19199  0.61958  0.77255  0.48576  0.95510
     90   1.88526  5.18362  3.58957  3.03016  3.86392  3.96626  4.17909  3.18030  2.04359  2.92951  3.26606  2.89284  4.35404  3.08599  1.94861  3.17679  2.56110  2.85088  5.70950  4.40218    125 a - - -
          2.68618  4.42225  2.77519  2.73123  3.46354  2.40513  3.72494  3.29354  2.67741  2.69355  4.24690  2.90347  2.73739  3.18146  2.89801  2.37887  2.77519  2.98518  4.58477  3.61503
          0.04734  5.44936  3.17160  0.61958  0.77255  0.54258  0.87047
     91   2.59756  3.62373  5.08142  4.46851  1.10586  4.31194  4.64056  2.65286  4.25936  1.97394  3.25989  4.46496  4.67458  4.39418  3.68131  3.62239  3.37720  2.76590  5.13791  2.56015    126 f - - -
          2.68618  4.42225  2.77519  2.73123  3.46354  2.40513  3.72494  3.29354  2.67741  2.69355  4.24690  2.90347  2.73739  3.18146  2.89801  2.37887  2.77519  2.98518  4.58477  3.61503
          0.00667  5.40869  6.13104  0.61958  0.77255  0.69649  0.68982
     92   3.12868  4.53479  4.90457  4.30135  3.30216  3.68641  4.59940  2.19081  3.65519  1.53529  2.22499  4.37460  4.64184  3.64767  2.69953  3.29487  2.71508  2.39943  5.15342  2.57542    127 l - - -
          2.68618  4.42225  2.77519  2.73123  3.46354  2.40513  3.72494  3.29354  2.67741  2.69355  4.24690  2.90347  2.73739  3.18146  2.89801  2.37887  2.77519  2.98518  4.58477  3.61503
          0.00667  5.40869  6.13104  0.61958  0.77255  0.69649  0.68982
     93   2.16027  5.57846  2.84067  2.30840  4.92451  2.91333  3.46093  4.41116  2.16063  3.88414  3.91790  2.45746  4.23241  2.66929  1.92250  2.71742  3.01254  3.96963  6.01053  4.59901    128 r - - -
          2.68618  4.42225  2.77519  2.73123  3.46354  2.40513  3.72494  3.29354  2.67741  2.69355  4.24690  2.90347  2.73739  3.18146  2.89801  2.37887  2.77519  2.98518  4.58477  3.61503
          0.00667  5.40869  6.13104  0.61958  0.77255  0.69649  0.68982
     94   3.03513  5.41703  5.14549  5.05637  5.35468  0.21485  5.80920  5.30136  5.03374  4.93663  5.82411  4.88361  5.03197  5.31594  5.15615  3.75910  4.10211  4.64692  3.87291  5.45566    129 G - - -
          2.68618  4.42225  2.77519  2.73123  3.46354  2.40513  3.72494  3.29354  2.67741  2.69355  4.24690  2.90347  2.73739  3.18146  2.89801  2.37887  2.77519  2.98518  4.58477  3.61503
          0.02573  5.40869  3.86668  0.61958  0.77255  0.46314  0.99237
     95   3.48061  5.53246  6.30082  5.72291  3.96392  5.68982  6.03604  2.50352  5.58030  0.44725  2.71266  5.86300  5.78762  5.49809  5.53629  5.06991  4.51873  2.25531  6.12013  5.13128    130 L - - -
          2.68618  4.42225  2.77519  2.73123  3.46354  2.40513  3.72494  3.29354  2.67741  2.69355  4.24690  2.90347  2.73739  3.18146  2.89801  2.37887  2.77519  2.98518  4.58477  3.61503
          0.00655  5.42786  6.15021  0.61958  0.77255  0.40627  1.09700
     96   2.84780  5.59866  2.69769  2.78915  4.94129  3.86855  3.59388  4.42551  2.13064  3.01189  4.63997  1.99301  3.53913  2.75271  1.82271  2.76465  2.90618  3.98799  3.93551  4.01966    131 r - - -
          2.68618  4.42225  2.77519  2.73123  3.46354  2.40513  3.72494  3.29354  2.67741  2.69355  4.24690  2.90347  2.73739  3.18146  2.89801  2.37887  2.77519  2.98518  4.58477  3.61503
          0.00632  5.46250  6.18484  0.61958  0.77255  0.48576  0.95510
     97   2.88960  5.58896  2.45057  1.99198  4.10672  3.05828  3.31049  3.62855  2.55403  3.50496  4.63135  3.16623  2.34563  2.79282  2.51647  3.05940  2.57011  3.36911  4.50120  3.68681    132 e - - -
          2.68618  4.42225  2.77519  2.73123  3.46354  2.40513  3.72494  3.29354  2.67741  2.69355  4.24690  2.90347  2.73739  3.18146  2.89801  2.37887  2.77519  2.98518  4.58477  3.61503
          0.00426  5.46044        *  0.61958  0.77255  0.00000        *
//
