HMMER3/f [3.3 | Nov 2019]
NAME  rve
ACC   PF00665.32
DESC  Integrase core domain
LENG  102
ALPH  amino
RF    no
MM    no
CONS  yes
CS    yes
MAP   yes
DATE  Thu Sep 26 05:02:40 2024
NSEQ  65
EFFN  8.454285
CKSUM 2043395002
GA    32.6 32.6;
TC    32.6 32.6;
NC    32.5 32.5;
BM    hmmbuild HMM.ann SEED.ann
SM    hmmsearch -Z 81514348 --cpu 4 -E 1000 HMM pfamseq
STATS LOCAL MSV       -9.4190  0.71708
STATS LOCAL VITERBI   -9.9956  0.71708
STATS LOCAL FORWARD   -3.9839  0.71708
HMM          A        C        D        E        F        G        H        I        K        L        M        N        P        Q        R        S        T        V        W        Y   
            m->m     m->i     m->d     i->m     i->i     d->m     d->d
  COMPO   2.52806  3.99542  2.79354  2.83469  3.25091  2.94896  3.52554  2.89306  2.77897  2.57221  3.69663  3.22382  3.28553  3.05986  2.80206  2.62892  2.73222  2.64241  4.07638  3.42951
          2.68567  4.42256  2.77529  2.72995  3.46385  2.40544  3.72526  3.29328  2.67756  2.69364  4.24721  2.90323  2.73771  3.18178  2.89794  2.37918  2.77504  2.98550  4.58508  3.61485
          1.04129  1.07142  1.18915  0.03943  3.25278  0.00000        *
      1   1.97620  5.59464  2.36238  2.31822  4.93816  2.73929  2.91277  3.88821  2.78446  3.89926  4.63572  3.05640  2.41432  2.78094  2.62224  2.80154  3.31877  3.06969  6.02824  4.61820      2 a - - X
          2.68618  4.42225  2.77519  2.73123  3.46354  2.40513  3.72494  3.29354  2.67741  2.69355  4.24690  2.90347  2.73739  3.18146  2.89801  2.37887  2.77519  2.98518  4.58477  3.61503
          0.00640  5.45060  6.17294  0.61958  0.77255  0.65857  0.72896
      2   2.58023  5.69784  2.84583  2.31216  5.04223  3.96284  2.72037  4.52772  2.65561  3.17142  4.73868  2.43160  2.91903  2.98891  2.69857  2.40106  2.19359  3.21183  6.13093  3.30876      3 t - - S
          2.68618  4.42225  2.77519  2.73123  3.46354  2.40513  3.72494  3.29354  2.67741  2.69355  4.24690  2.90347  2.73739  3.18146  2.89801  2.37887  2.77519  2.98518  4.58477  3.61503
          0.00532  5.63539  6.35774  0.61958  0.77255  0.62640  0.76467
      3   2.20292  3.90816  3.49958  2.23602  5.05397  2.91787  3.18127  3.36109  2.07814  3.36885  3.63230  3.48982  4.41079  2.36111  1.85938  2.83681  3.47045  4.10508  6.16082  4.75730      4 r - - S
          2.68618  4.42225  2.77519  2.73123  3.46354  2.40513  3.72494  3.29354  2.67741  2.69355  4.24690  2.90347  2.73739  3.18146  2.89801  2.37887  2.77519  2.98518  4.58477  3.61503
          0.00489  5.71958  6.44192  0.61958  0.77255  0.63023  0.76029
      4   2.25682  5.60687  3.60260  2.53651  4.88672  4.07892  4.27449  4.32748  2.81263  3.88385  3.96019  3.57976  1.08060  3.24282  3.11149  2.49185  3.50728  2.82766  6.08187  4.71658      5 p - - T
          2.68618  4.42225  2.77519  2.73123  3.46354  2.40513  3.72494  3.29354  2.67741  2.69355  4.24690  2.90347  2.73739  3.18146  2.89801  2.37887  2.77519  2.98518  4.58477  3.61503
          0.00471  5.75594  6.47829  0.61958  0.77255  0.63416  0.75584
      5   2.98890  5.41131  2.92372  3.18689  3.45147  2.17878  3.67741  3.28952  3.17661  2.84375  3.86872  1.27659  2.87968  3.52158  3.37527  3.34995  3.52303  3.73081  5.92967  3.44925      6 n - - T
          2.68618  4.42225  2.77519  2.73123  3.46354  2.40513  3.72494  3.29354  2.67741  2.69355  4.24690  2.90347  2.73739  3.18146  2.89801  2.37887  2.77519  2.98518  4.58477  3.61503
          0.00464  5.77204  6.49439  0.61958  0.77255  0.36924  1.17525
      6   2.62805  5.79874  2.94718  2.11204  5.14150  2.16523  3.36793  4.01414  2.66695  3.45648  4.84001  3.53656  4.46163  1.98426  2.68465  2.42415  2.91778  3.48076  4.05207  3.43868      7 q - - T
          2.68618  4.42225  2.77519  2.73123  3.46354  2.40513  3.72494  3.29354  2.67741  2.69355  4.24690  2.90347  2.73739  3.18146  2.89801  2.37887  2.77519  2.98518  4.58477  3.61503
          0.00446  5.81160  6.53395  0.61958  0.77255  0.48576  0.95510
      7   3.18107  4.09125  4.71009  4.12816  3.99564  3.55354  2.64020  2.30705  2.39672  1.85940  3.38894  4.38451  4.82546  3.01316  2.57017  3.26345  3.15822  1.91546  3.99629  3.66477      8 l - - E
          2.68618  4.42225  2.77519  2.73123  3.46354  2.40513  3.72494  3.29354  2.67741  2.69355  4.24690  2.90347  2.73739  3.18146  2.89801  2.37887  2.77519  2.98518  4.58477  3.61503
          0.00446  5.81160  6.53395  0.61958  0.77255  0.48576  0.95510
      8   3.00166  4.06791  3.80360  4.69149  3.86677  4.55523  4.88599  2.57707  4.48781  2.09678  3.13007  3.87978  4.91939  4.62882  4.51438  3.86428  3.62369  2.65377  0.90343  3.29623      9 w - - E
          2.68618  4.42225  2.77519  2.73123  3.46354  2.40513  3.72494  3.29354  2.67741  2.69355  4.24690  2.90347  2.73739  3.18146  2.89801  2.37887  2.77519  2.98518  4.58477  3.61503
          0.00446  5.81160  6.53395  0.61958  0.77255  0.48576  0.95510
      9   3.31228  2.88933  3.72497  2.02116  3.40051  4.14817  3.22276  4.14020  3.15921  3.46874  4.56610  3.68410  4.53765  1.61057  3.21760  2.24720  2.67699  2.38014  6.00032  4.05785     10 q - - E
          2.68618  4.42225  2.77519  2.73123  3.46354  2.40513  3.72494  3.29354  2.67741  2.69355  4.24690  2.90347  2.73739  3.18146  2.89801  2.37887  2.77519  2.98518  4.58477  3.61503
          0.00446  5.81160  6.53395  0.61958  0.77255  0.48576  0.95510
     10   2.63753  3.72550  3.81996  4.47127  3.90653  1.87173  3.89709  2.27144  4.31347  2.82259  2.02070  4.58594  4.88732  4.49594  4.41953  2.69529  2.01020  2.32715  4.28277  4.24247     11 g - - E
          2.68618  4.42225  2.77519  2.73123  3.46354  2.40513  3.72494  3.29354  2.67741  2.69355  4.24690  2.90347  2.73739  3.18146  2.89801  2.37887  2.77519  2.98518  4.58477  3.61503
          0.00446  5.81160  6.53395  0.61958  0.77255  0.48576  0.95510
     11   4.66576  7.38577  0.19156  3.49202  6.77548  4.62291  5.37922  6.44219  3.42045  5.84328  6.82680  4.09619  3.66302  4.58610  5.38684  4.46943  5.02301  5.91090  7.92518  6.29717     12 D - - E
          2.68618  4.42225  2.77519  2.73123  3.46354  2.40513  3.72494  3.29354  2.67741  2.69355  4.24690  2.90347  2.73739  3.18146  2.89801  2.37887  2.77519  2.98518  4.58477  3.61503
          0.00446  5.81160  6.53395  0.61958  0.77255  0.48576  0.95510
     12   2.61449  4.76624  5.35888  3.75991  1.88498  3.27202  4.89527  1.77267  4.52737  2.18511  3.54337  4.72506  4.92522  4.65793  4.53434  3.87297  2.51287  1.92949  2.98268  3.29915     13 i - - E
          2.68618  4.42225  2.77519  2.73123  3.46354  2.40513  3.72494  3.29354  2.67741  2.69355  4.24690  2.90347  2.73739  3.18146  2.89801  2.37887  2.77519  2.98518  4.58477  3.61503
          0.00446  5.81160  6.53395  0.61958  0.77255  0.48576  0.95510
     13   3.10595  3.88053  5.31128  4.69893  2.70996  3.37954  4.88693  2.75145  2.74673  2.43318  3.51409  4.70372  4.91975  4.63281  4.51693  3.86504  1.12666  1.90073  3.88287  4.21669     14 t - - E
          2.68559  4.42256  2.77520  2.73103  3.46316  2.40470  3.72469  3.29334  2.67738  2.69386  4.24721  2.90378  2.73737  3.18141  2.89832  2.37918  2.77550  2.98516  4.58508  3.61534
          0.29499  1.43084  4.11327  0.36738  1.17943  0.48576  0.95510
     14   2.97873  4.10430  4.00153  2.17482  3.05896  3.73678  2.08306  3.38371  2.75978  3.00201  3.59613  3.89763  2.98776  3.37039  3.44980  3.47651  3.00440  2.50609  5.75839  2.04778     18 y - - E
          2.68618  4.42225  2.77519  2.73123  3.46354  2.40513  3.72494  3.29354  2.67741  2.69355  4.24690  2.90347  2.73739  3.18146  2.89801  2.37887  2.77519  2.98518  4.58477  3.61503
          0.00452  5.79659  6.51894  0.61958  0.77255  0.43312  1.04549
     15   3.39051  3.77996  2.91719  4.03170  2.25660  2.42502  4.88369  1.76394  4.48125  1.99627  3.15706  4.69593  4.91756  4.62371  3.62214  3.46391  3.62267  1.84266  5.39540  3.32751     19 i - - E
          2.68618  4.42225  2.77519  2.73123  3.46354  2.40513  3.72494  3.29354  2.67741  2.69355  4.24690  2.90347  2.73739  3.18146  2.89801  2.37887  2.77519  2.98518  4.58477  3.61503
          0.00446  5.81160  6.53395  0.61958  0.77255  0.48576  0.95510
     16   2.15503  4.35030  3.54462  2.33927  5.14132  2.63237  3.68585  4.62561  1.99576  3.54117  4.83991  3.32011  2.33443  2.99888  2.12010  2.42677  3.52479  3.73365  4.84228  4.82323     20 k - - E
          2.68618  4.42225  2.77519  2.73123  3.46354  2.40513  3.72494  3.29354  2.67741  2.69355  4.24690  2.90347  2.73739  3.18146  2.89801  2.37887  2.77519  2.98518  4.58477  3.61503
          0.58600  5.81160  0.81994  0.61958  0.77255  0.48576  0.95510
     17   3.02824  2.79031  4.80511  3.62568  3.52953  3.54500  4.49920  1.82302  4.02612  2.11166  3.55195  4.27466  3.46751  4.19213  3.55075  2.75302  3.26039  1.66348  5.05289  2.65808     21 v - - C
          2.68618  4.42225  2.77519  2.73123  3.46354  2.40513  3.72494  3.29354  2.67741  2.69355  4.24690  2.90347  2.73739  3.18146  2.89801  2.37887  2.77519  2.98518  4.58477  3.61503
          0.00796  5.23356  5.95591  0.61958  0.77255  0.93378  0.49933
     18   2.24182  4.99062  2.87857  3.23023  3.06641  4.04098  4.27409  2.85563  2.27932  2.72075  3.62118  3.01789  2.17220  3.52727  3.60771  2.42764  3.11418  2.72642  4.26663  3.53513     22 p - - T
          2.68618  4.42225  2.77519  2.73123  3.46354  2.40513  3.72494  3.29354  2.67741  2.69355  4.24690  2.90347  2.73739  3.18146  2.89801  2.37887  2.77519  2.98518  4.58477  3.61503
          0.12795  5.45287  2.15573  0.61958  0.77255  0.31604  1.30576
     19   2.39755  5.67649  2.50764  2.69752  4.03472  2.18910  4.17111  3.47796  2.62767  2.90621  4.72118  2.26935  4.37551  3.07809  2.92397  2.61238  2.19155  3.41196  6.11842  4.71686     23 g - - T
          2.68618  4.42225  2.77519  2.73123  3.46354  2.40513  3.72494  3.29354  2.67741  2.69355  4.24690  2.90347  2.73739  3.18146  2.89801  2.37887  2.77519  2.98518  4.58477  3.61503
          0.00520  5.65704  6.37939  0.61958  0.77255  0.96514  0.47954
     20   2.91333  3.91526  3.12512  2.60500  4.23808  2.11324  3.52704  3.70291  2.05219  3.63427  4.75296  2.72001  2.79637  2.56118  2.66271  2.92103  3.06125  4.09843  3.83354  3.16267     24 k - - C
          2.68618  4.42225  2.77519  2.73123  3.46354  2.40513  3.72494  3.29354  2.67741  2.69355  4.24690  2.90347  2.73739  3.18146  2.89801  2.37887  2.77519  2.98518  4.58477  3.61503
          0.01880  5.67743  4.18648  0.61958  0.77255  0.57232  0.83061
     21   2.94619  5.75197  2.86578  2.15025  3.16826  1.71733  3.67940  4.57919  2.10357  3.44223  3.98293  2.96561  4.41466  2.53157  2.77900  3.03413  3.47779  4.14140  3.70970  4.10533     25 g - - E
          2.68618  4.42225  2.77519  2.73123  3.46354  2.40513  3.72494  3.29354  2.67741  2.69355  4.24690  2.90347  2.73739  3.18146  2.89801  2.37887  2.77519  2.98518  4.58477  3.61503
          0.37942  5.73408  1.16313  0.61958  0.77255  0.87344  0.54045
     22   3.05161  3.97986  3.33900  2.54304  4.77984  1.54931  4.02856  3.51551  2.47156  3.75901  4.52040  3.32261  4.23156  2.86825  2.07408  2.20199  2.90999  3.84148  5.92315  4.53709     26 g - - .
          2.68589  4.42320  2.77577  2.73176  3.46449  2.40456  3.72396  3.29358  2.67644  2.69400  4.24785  2.90399  2.73786  3.18096  2.89664  2.37968  2.77441  2.98497  4.58572  3.61559
          0.28454  1.40504  6.08401  1.82909  0.17502  0.88726  0.53066
     23   3.14092  5.40944  3.50211  2.75509  2.70498  3.95785  3.80014  4.09602  1.73504  3.14762  4.47425  3.22010  3.03528  2.91280  2.15503  3.15703  2.96173  3.18655  2.75631  3.09091     57 k - - .
          2.68618  4.42225  2.77519  2.73123  3.46354  2.40513  3.72494  3.29354  2.67741  2.69355  4.24690  2.90347  2.73739  3.18146  2.89801  2.37887  2.77519  2.98518  4.58477  3.61503
          0.00591  5.53033  6.25268  0.61958  0.77255  0.21118  1.65876
     24   2.25215  3.40679  5.24074  4.63220  3.21028  4.53642  4.86456  2.38322  2.83700  1.78617  3.54444  4.66493  3.83709  4.58932  3.64880  2.03312  3.29145  1.98739  5.38946  2.75455     58 l - - E
          2.68618  4.42225  2.77519  2.73123  3.46354  2.40513  3.72494  3.29354  2.67741  2.69355  4.24690  2.90347  2.73739  3.18146  2.89801  2.37887  2.77519  2.98518  4.58477  3.61503
          0.00453  5.79542  6.51776  0.61958  0.77255  0.42952  1.05217
     25   2.51240  3.97918  4.01448  3.45151  3.90647  4.25995  3.17378  3.38087  2.80145  3.42883  4.30022  3.44964  3.70051  3.38104  2.45408  3.16852  3.56810  3.13427  3.33641  1.17807     59 y - - E
          2.68618  4.42225  2.77519  2.73123  3.46354  2.40513  3.72494  3.29354  2.67741  2.69355  4.24690  2.90347  2.73739  3.18146  2.89801  2.37887  2.77519  2.98518  4.58477  3.61503
          0.00446  5.81160  6.53395  0.61958  0.77255  0.48576  0.95510
     26   2.80543  3.25764  5.36018  4.74457  3.08320  4.56223  4.89605  2.30286  4.52851  1.13619  3.34852  4.72599  3.98992  3.83175  4.53523  3.26711  2.98717  1.66448  5.38859  4.21273     60 l - - E
          2.68618  4.42225  2.77519  2.73123  3.46354  2.40513  3.72494  3.29354  2.67741  2.69355  4.24690  2.90347  2.73739  3.18146  2.89801  2.37887  2.77519  2.98518  4.58477  3.61503
          0.00446  5.81160  6.53395  0.61958  0.77255  0.48576  0.95510
     27   1.86856  3.06167  5.27245  4.66261  2.22875  3.38702  2.74452  2.47315  4.46522  1.66920  3.89604  3.79844  4.91484  4.61173  4.50213  2.96495  3.31840  2.87721  5.39805  2.59528     61 l - - E
          2.68618  4.42225  2.77519  2.73123  3.46354  2.40513  3.72494  3.29354  2.67741  2.69355  4.24690  2.90347  2.73739  3.18146  2.89801  2.37887  2.77519  2.98518  4.58477  3.61503
          0.00446  5.81160  6.53395  0.61958  0.77255  0.48576  0.95510
     28   2.62327  5.03237  3.77678  3.73729  2.79112  3.83634  3.62859  2.86413  3.68440  3.24051  4.13788  3.36326  3.10749  3.97708  3.44292  3.24489  1.74362  1.31831  5.62000  4.39367     62 v - - E
          2.68618  4.42225  2.77519  2.73123  3.46354  2.40513  3.72494  3.29354  2.67741  2.69355  4.24690  2.90347  2.73739  3.18146  2.89801  2.37887  2.77519  2.98518  4.58477  3.61503
          0.00446  5.81160  6.53395  0.61958  0.77255  0.48576  0.95510
     29   2.00906  4.09186  5.36734  4.75115  2.62866  4.56255  4.89669  1.84987  4.53335  2.10290  2.24772  3.51716  4.92614  4.66233  4.53736  3.53735  2.95984  1.84462  3.65255  3.57436     63 v - - E
          2.68618  4.42225  2.77519  2.73123  3.46354  2.40513  3.72494  3.29354  2.67741  2.69355  4.24690  2.90347  2.73739  3.18146  2.89801  2.37887  2.77519  2.98518  4.58477  3.61503
          0.00446  5.81160  6.53395  0.61958  0.77255  0.48576  0.95510
     30   3.71036  5.04367  5.70213  5.11139  4.18449  4.96010  5.33860  1.53677  3.68734  1.69256  3.16220  5.12123  5.29816  5.06440  4.94720  4.28736  2.42541  1.11824  5.80852  4.63078     64 v - - E
          2.68618  4.42225  2.77519  2.73123  3.46354  2.40513  3.72494  3.29354  2.67741  2.69355  4.24690  2.90347  2.73739  3.18146  2.89801  2.37887  2.77519  2.98518  4.58477  3.61503
          0.00446  5.81160  6.53395  0.61958  0.77255  0.48576  0.95510
     31   3.82674  3.90186  0.56977  2.38016  5.41417  4.35168  3.86076  4.88624  3.66461  2.28220  5.28313  3.83845  4.87953  3.91211  4.18865  3.78611  4.08544  4.52933  6.65933  5.24531     65 D - - E
          2.68618  4.42225  2.77519  2.73123  3.46354  2.40513  3.72494  3.29354  2.67741  2.69355  4.24690  2.90347  2.73739  3.18146  2.89801  2.37887  2.77519  2.98518  4.58477  3.61503
          0.00446  5.81160  6.53395  0.61958  0.77255  0.48576  0.95510
     32   2.37448  3.55713  2.07888  2.75446  4.79013  2.71043  4.33482  3.75482  3.12650  2.16935  4.61055  3.24178  4.52335  3.12144  2.61279  2.96852  2.44638  2.51260  4.21595  4.69577     66 d - - T
          2.68618  4.42225  2.77519  2.73123  3.46354  2.40513  3.72494  3.29354  2.67741  2.69355  4.24690  2.90347  2.73739  3.18146  2.89801  2.37887  2.77519  2.98518  4.58477  3.61503
          0.00446  5.81160  6.53395  0.61958  0.77255  0.48576  0.95510
     33   2.49914  3.01341  4.67381  3.47526  1.59002  4.44626  2.94924  3.35506  3.26910  2.82199  3.56768  3.61060  4.81815  3.60919  4.22954  3.72184  3.00435  2.71297  5.50366  1.72133     67 f - - T
          2.68618  4.42225  2.77519  2.73123  3.46354  2.40513  3.72494  3.29354  2.67741  2.69355  4.24690  2.90347  2.73739  3.18146  2.89801  2.37887  2.77519  2.98518  4.58477  3.61503
          0.00446  5.81160  6.53395  0.61958  0.77255  0.48576  0.95510
     34   2.82617  5.81580  2.94683  3.55367  5.65988  3.46326  4.89852  5.14981  3.74404  4.67636  5.43736  2.79154  4.83721  4.03789  4.22884  0.70069  1.84380  4.60741  6.82502  5.45269     68 s - - T
          2.68618  4.42225  2.77519  2.73123  3.46354  2.40513  3.72494  3.29354  2.67741  2.69355  4.24690  2.90347  2.73739  3.18146  2.89801  2.37887  2.77519  2.98518  4.58477  3.61503
          0.00446  5.81160  6.53395  0.61958  0.77255  0.48576  0.95510
     35   3.47413  4.46689  3.75623  3.17754  5.29306  2.58526  2.98094  4.74934  2.08519  4.21445  4.97310  3.04200  4.61518  3.46954  0.91932  2.62673  3.69494  4.33031  6.32348  4.96263     69 r - - -
          2.68618  4.42225  2.77519  2.73123  3.46354  2.40513  3.72494  3.29354  2.67741  2.69355  4.24690  2.90347  2.73739  3.18146  2.89801  2.37887  2.77519  2.98518  4.58477  3.61503
          0.00446  5.81160  6.53395  0.61958  0.77255  0.48576  0.95510
     36   2.61593  5.42891  3.24946  1.87781  2.60988  4.16954  3.61280  3.64398  2.33336  2.89232  3.09486  3.72539  4.55791  3.55150  2.43568  3.37775  3.04647  3.47908  3.02319  2.53794     70 e - - -
          2.68618  4.42225  2.77519  2.73123  3.46354  2.40513  3.72494  3.29354  2.67741  2.69355  4.24690  2.90347  2.73739  3.18146  2.89801  2.37887  2.77519  2.98518  4.58477  3.61503
          0.00446  5.81160  6.53395  0.61958  0.77255  0.48576  0.95510
     37   2.36552  2.75902  5.30794  4.69579  3.39893  4.55502  4.88613  1.67182  3.75353  1.98563  3.89145  4.70207  3.16182  4.63091  3.34269  3.22762  2.43898  1.89122  5.39382  3.53048     71 i - - E
          2.68618  4.42225  2.77519  2.73123  3.46354  2.40513  3.72494  3.29354  2.67741  2.69355  4.24690  2.90347  2.73739  3.18146  2.89801  2.37887  2.77519  2.98518  4.58477  3.61503
          0.00446  5.81160  6.53395  0.61958  0.77255  0.48576  0.95510
     38   3.38914  4.78304  3.91862  2.90444  2.43651  4.54503  3.90748  2.02342  4.43676  1.85150  2.94610  4.66738  4.05014  4.59033  3.72173  3.15724  2.77283  1.80229  3.68296  2.89628     72 v - - E
          2.68618  4.42225  2.77519  2.73123  3.46354  2.40513  3.72494  3.29354  2.67741  2.69355  4.24690  2.90347  2.73739  3.18146  2.89801  2.37887  2.77519  2.98518  4.58477  3.61503
          0.00446  5.81160  6.53395  0.61958  0.77255  0.48576  0.95510
     39   1.53367  3.09429  3.44756  4.04072  4.02982  1.94172  4.72253  2.52415  3.95269  2.41526  4.02985  3.60215  4.80733  4.20566  4.20163  2.68544  2.83458  2.26917  5.52171  4.31864     73 a - - E
          2.68618  4.42225  2.77519  2.73123  3.46354  2.40513  3.72494  3.29354  2.67741  2.69355  4.24690  2.90347  2.73739  3.18146  2.89801  2.37887  2.77519  2.98518  4.58477  3.61503
          0.00446  5.81160  6.53395  0.61958  0.77255  0.48576  0.95510
     40   2.84943  3.66234  5.24585  2.81145  2.83427  3.85469  4.08040  2.33528  4.44580  2.45767  3.31673  4.67322  4.91150  4.59714  3.24226  2.84555  2.82878  2.37543  1.87630  2.35781     74 w - - E
          2.68618  4.42225  2.77519  2.73123  3.46354  2.40513  3.72494  3.29354  2.67741  2.69355  4.24690  2.90347  2.73739  3.18146  2.89801  2.37887  2.77519  2.98518  4.58477  3.61503
          0.00446  5.81160  6.53395  0.61958  0.77255  0.48576  0.95510
     41   2.19223  3.35552  3.05436  2.78519  3.12185  3.66217  3.06514  3.54194  2.45793  2.89532  4.03182  3.61073  2.91667  2.94080  2.62828  2.36449  2.72791  2.96669  6.10487  3.84672     75 a - - E
          2.68618  4.42225  2.77519  2.73123  3.46354  2.40513  3.72494  3.29354  2.67741  2.69355  4.24690  2.90347  2.73739  3.18146  2.89801  2.37887  2.77519  2.98518  4.58477  3.61503
          0.00446  5.81160  6.53395  0.61958  0.77255  0.48576  0.95510
     42   2.60928  3.93674  5.28939  4.67845  3.86825  4.55258  2.99220  2.12799  3.65723  1.71048  2.77834  4.69354  4.06775  4.00105  3.20389  3.86103  2.36488  1.80915  3.79456  3.30530     76 l - - E
          2.68618  4.42225  2.77519  2.73123  3.46354  2.40513  3.72494  3.29354  2.67741  2.69355  4.24690  2.90347  2.73739  3.18146  2.89801  2.37887  2.77519  2.98518  4.58477  3.61503
          0.00446  5.81160  6.53395  0.61958  0.77255  0.48576  0.95510
     43   2.48433  4.33719  2.56763  2.65630  3.57286  2.81688  3.68702  3.72974  2.56283  4.09105  4.83108  3.24734  2.46156  3.18302  2.73052  1.90183  2.35665  3.76768  4.43292  4.81854     77 s - - S
          2.68618  4.42225  2.77519  2.73123  3.46354  2.40513  3.72494  3.29354  2.67741  2.69355  4.24690  2.90347  2.73739  3.18146  2.89801  2.37887  2.77519  2.98518  4.58477  3.61503
          0.00446  5.81160  6.53395  0.61958  0.77255  0.48576  0.95510
     44   3.10416  5.80672  2.19209  2.71905  3.45991  3.02626  3.04571  4.63977  2.15040  4.11250  4.84708  2.40078  4.46013  2.85023  2.38404  2.04409  2.40795  4.19799  6.23870  4.82703     78 s - - -
          2.68618  4.42225  2.77519  2.73123  3.46354  2.40513  3.72494  3.29354  2.67741  2.69355  4.24690  2.90347  2.73739  3.18146  2.89801  2.37887  2.77519  2.98518  4.58477  3.61503
          0.00446  5.81160  6.53395  0.61958  0.77255  0.48576  0.95510
     45   2.64736  5.80618  3.24467  1.80420  5.15224  3.30577  2.87533  4.63890  2.62373  3.68485  3.44994  2.84622  4.46012  2.36316  1.92189  2.41978  2.93604  3.78971  6.23827  4.82672     79 e - - -
          2.68594  4.42246  2.77541  2.73119  3.46375  2.40451  3.72516  3.29375  2.67762  2.69376  4.24711  2.90368  2.73732  3.18167  2.89792  2.37888  2.77541  2.98502  4.58314  3.61524
          0.46850  2.51648  1.22651  1.01501  0.45004  0.48576  0.95510
     46   2.51276  5.46687  2.46080  2.39355  4.75626  3.89929  3.25059  2.37759  2.85463  3.38618  2.13161  3.04639  2.78022  3.02738  3.33593  2.70799  2.62435  3.82722  5.93440  4.55977     87 m - - .
          2.68618  4.42225  2.77519  2.73123  3.46354  2.40513  3.72494  3.29354  2.67741  2.69355  4.24690  2.90347  2.73739  3.18146  2.89801  2.37887  2.77519  2.98518  4.58477  3.61503
          0.00630  5.46649  6.18883  0.61958  0.77255  0.14487  2.00345
     47   2.32603  4.05591  1.85781  2.86697  5.14318  3.61627  4.25522  4.62788  2.83839  4.10443  3.89457  3.02479  3.50068  2.65526  2.84730  1.82635  2.12417  3.79439  6.23368  4.82381     88 s - - S
          2.68618  4.42225  2.77519  2.73123  3.46354  2.40513  3.72494  3.29354  2.67741  2.69355  4.24690  2.90347  2.73739  3.18146  2.89801  2.37887  2.77519  2.98518  4.58477  3.61503
          0.00446  5.81160  6.53395  0.61958  0.77255  0.48576  0.95510
     48   1.87242  5.71168  3.34774  2.82657  4.33421  2.59240  4.27956  3.80244  2.37723  2.96515  4.13937  3.19064  4.48046  3.04036  2.67625  2.29377  2.19304  3.25159  6.16817  3.17559     89 a - - H
          2.68618  4.42225  2.77519  2.73123  3.46354  2.40513  3.72494  3.29354  2.67741  2.69355  4.24690  2.90347  2.73739  3.18146  2.89801  2.37887  2.77519  2.98518  4.58477  3.61503
          0.00446  5.81160  6.53395  0.61958  0.77255  0.48576  0.95510
     49   2.54653  3.86507  2.59059  1.95873  5.14600  4.06754  2.77844  4.63132  2.30523  3.09156  4.84277  3.31069  3.51158  2.57288  2.94150  2.17560  2.99628  2.89961  4.21500  4.82471     90 e - - H
          2.68618  4.42225  2.77519  2.73123  3.46354  2.40513  3.72494  3.29354  2.67741  2.69355  4.24690  2.90347  2.73739  3.18146  2.89801  2.37887  2.77519  2.98518  4.58477  3.61503
          0.00446  5.81160  6.53395  0.61958  0.77255  0.48576  0.95510
     50   2.68885  5.48046  2.49448  2.90181  3.57594  3.77106  3.44919  3.26881  3.16859  1.99089  3.70498  2.91194  4.54161  2.96194  2.93264  2.61778  2.08675  2.59359  5.98976  3.81574     91 l - - H
          2.68618  4.42225  2.77519  2.73123  3.46354  2.40513  3.72494  3.29354  2.67741  2.69355  4.24690  2.90347  2.73739  3.18146  2.89801  2.37887  2.77519  2.98518  4.58477  3.61503
          0.00446  5.81160  6.53395  0.61958  0.77255  0.48576  0.95510
     51   2.16192  3.19926  5.28829  3.73635  3.26503  4.55243  4.88251  2.58474  3.92091  2.10732  3.42395  3.39885  4.91678  4.62032  3.73078  3.51737  2.47132  1.29201  3.46202  4.21862     92 v - - H
          2.68618  4.42225  2.77519  2.73123  3.46354  2.40513  3.72494  3.29354  2.67741  2.69355  4.24690  2.90347  2.73739  3.18146  2.89801  2.37887  2.77519  2.98518  4.58477  3.61503
          0.00446  5.81160  6.53395  0.61958  0.77255  0.48576  0.95510
     52   2.54050  2.67008  3.52980  2.50092  2.87239  3.80058  4.52400  2.47318  2.80503  2.26498  4.25419  3.96195  4.66600  2.41686  3.08234  3.51721  2.52668  2.59487  5.72505  3.29772     93 l - - H
          2.68618  4.42225  2.77519  2.73123  3.46354  2.40513  3.72494  3.29354  2.67741  2.69355  4.24690  2.90347  2.73739  3.18146  2.89801  2.37887  2.77519  2.98518  4.58477  3.61503
          0.00446  5.81160  6.53395  0.61958  0.77255  0.48576  0.95510
     53   1.84858  4.27549  1.80987  2.78801  4.16167  2.88169  3.30834  3.84113  2.46561  4.10811  4.84378  3.00805  4.46076  2.82922  2.26240  2.96782  2.75074  4.19342  6.23594  4.82525     94 d - - H
          2.68618  4.42225  2.77519  2.73123  3.46354  2.40513  3.72494  3.29354  2.67741  2.69355  4.24690  2.90347  2.73739  3.18146  2.89801  2.37887  2.77519  2.98518  4.58477  3.61503
          0.00446  5.81160  6.53395  0.61958  0.77255  0.48576  0.95510
     54   1.87706  2.79973  5.24953  3.94085  2.50461  3.62613  3.71238  2.44532  4.44849  1.99484  2.93639  4.67495  4.91196  3.32884  4.49330  2.83279  2.42171  2.20073  5.40088  4.22242     95 a - - H
          2.68618  4.42225  2.77519  2.73123  3.46354  2.40513  3.72494  3.29354  2.67741  2.69355  4.24690  2.90347  2.73739  3.18146  2.89801  2.37887  2.77519  2.98518  4.58477  3.61503
          0.00446  5.81160  6.53395  0.61958  0.77255  0.48576  0.95510
     55   3.17360  4.77425  5.29787  3.76371  3.31914  4.55384  2.76771  2.22312  3.21346  1.02204  3.08331  4.69754  4.91809  4.62555  4.51183  3.86267  2.80930  2.34802  3.53783  4.21788     96 l - - H
          2.68618  4.42225  2.77519  2.73123  3.46354  2.40513  3.72494  3.29354  2.67741  2.69355  4.24690  2.90347  2.73739  3.18146  2.89801  2.37887  2.77519  2.98518  4.58477  3.61503
          0.00446  5.81160  6.53395  0.61958  0.77255  0.48576  0.95510
     56   2.93539  5.78675  2.26249  2.01434  4.26664  3.64009  3.89729  4.00235  2.11447  2.33186  4.02462  3.07104  4.46410  2.77336  2.42843  2.95921  3.03490  2.83080  4.11745  4.81765     97 e - - H
          2.68618  4.42225  2.77519  2.73123  3.46354  2.40513  3.72494  3.29354  2.67741  2.69355  4.24690  2.90347  2.73739  3.18146  2.89801  2.37887  2.77519  2.98518  4.58477  3.61503
          0.06465  5.81160  2.81995  0.61958  0.77255  0.48576  0.95510
     57   2.47917  3.33500  3.02557  2.62625  5.07489  4.03633  4.22460  3.51331  1.98737  3.73872  3.28503  3.21352  3.85222  2.13757  2.05828  2.72975  2.83094  3.10250  6.18090  4.21246     98 k - - H
          2.68618  4.42225  2.77519  2.73123  3.46354  2.40513  3.72494  3.29354  2.67741  2.69355  4.24690  2.90347  2.73739  3.18146  2.89801  2.37887  2.77519  2.98518  4.58477  3.61503
          0.00473  5.75169  6.47403  0.61958  0.77255  0.43806  1.03645
     58   1.02638  3.98258  3.55191  3.50065  2.72324  3.81959  4.73623  2.69523  4.01573  2.25916  3.17340  3.60898  4.81439  3.55932  4.23717  3.31475  3.30078  2.70626  5.48435  4.28628     99 a - - H
          2.68618  4.42225  2.77519  2.73123  3.46354  2.40513  3.72494  3.29354  2.67741  2.69355  4.24690  2.90347  2.73739  3.18146  2.89801  2.37887  2.77519  2.98518  4.58477  3.61503
          0.00453  5.79558  6.51793  0.61958  0.77255  0.43002  1.05123
     59   2.38779  3.68048  5.36271  4.74685  1.96902  4.56196  4.89587  1.53971  3.95812  1.94709  3.59479  4.72672  4.92559  3.37592  4.53568  3.38844  3.32082  1.98468  4.48901  3.54678    100 i - - C
          2.68618  4.42225  2.77519  2.73123  3.46354  2.40513  3.72494  3.29354  2.67741  2.69355  4.24690  2.90347  2.73739  3.18146  2.89801  2.37887  2.77519  2.98518  4.58477  3.61503
          0.00446  5.81160  6.53395  0.61958  0.77255  0.48576  0.95510
     60   1.88477  3.80874  3.21246  1.91234  3.85984  3.44441  3.85096  3.91649  2.11927  3.52548  4.82796  3.20539  3.95078  3.04071  2.32741  2.44490  3.52545  3.77347  3.84075  3.88789    101 a - - C
          2.68618  4.42225  2.77519  2.73123  3.46354  2.40513  3.72494  3.29354  2.67741  2.69355  4.24690  2.90347  2.73739  3.18146  2.89801  2.37887  2.77519  2.98518  4.58477  3.61503
          0.00446  5.81160  6.53395  0.61958  0.77255  0.48576  0.95510
     61   2.47038  4.65932  2.98786  2.70157  2.60439  4.10094  3.53318  3.70764  2.36788  2.88037  3.73326  2.81544  3.54292  2.92872  2.52620  2.31838  3.33336  3.28335  4.03378  2.83076    102 s - - C
          2.68618  4.42225  2.77519  2.73123  3.46354  2.40513  3.72494  3.29354  2.67741  2.69355  4.24690  2.90347  2.73739  3.18146  2.89801  2.37887  2.77519  2.98518  4.58477  3.61503
          0.00446  5.81160  6.53395  0.61958  0.77255  0.48576  0.95510
     62   3.13206  5.17263  4.06029  3.26493  2.14113  3.52016  4.51361  3.69911  3.46549  2.18911  3.66963  3.40829  3.10102  2.55853  1.57458  3.50721  3.02797  2.90017  5.73874  3.11366    103 r - - C
          2.68618  4.42225  2.77519  2.73123  3.46354  2.40513  3.72494  3.29354  2.67741  2.69355  4.24690  2.90347  2.73739  3.18146  2.89801  2.37887  2.77519  2.98518  4.58477  3.61503
          0.00446  5.81160  6.53395  0.61958  0.77255  0.48576  0.95510
     63   2.78480  5.77730  2.92792  2.66894  2.50437  1.46556  3.50630  4.58853  2.56778  3.50908  4.82103  2.86519  3.80058  3.19234  2.99253  2.52177  3.52587  3.36132  3.83199  4.81321    104 g - - -
          2.68618  4.42225  2.77519  2.73123  3.46354  2.40513  3.72494  3.29354  2.67741  2.69355  4.24690  2.90347  2.73739  3.18146  2.89801  2.37887  2.77519  2.98518  4.58477  3.61503
          0.00446  5.81160  6.53395  0.61958  0.77255  0.48576  0.95510
     64   2.96885  5.74578  3.22012  2.72784  4.06297  1.83547  3.82823  2.94464  2.27529  3.14334  4.79306  3.10790  2.15144  2.96501  3.27815  3.07016  2.75712  3.68109  6.19366  3.04835    105 g - - -
          2.68618  4.42225  2.77519  2.73123  3.46354  2.40513  3.72494  3.29354  2.67741  2.69355  4.24690  2.90347  2.73739  3.18146  2.89801  2.37887  2.77519  2.98518  4.58477  3.61503
          0.25002  5.81160  1.52224  0.61958  0.77255  0.48576  0.95510
     65   2.55263  4.01324  2.95640  2.44438  4.71935  3.37981  3.72639  3.36226  2.70557  2.41508  3.35236  3.48003  2.76939  2.66786  2.86601  2.50549  3.39100  2.08492  5.93708  4.57988    106 v - - .
          2.68618  4.42225  2.77519  2.73123  3.46354  2.40513  3.72494  3.29354  2.67741  2.69355  4.24690  2.90347  2.73739  3.18146  2.89801  2.37887  2.77519  2.98518  4.58477  3.61503
          0.34967  5.56727  1.23356  0.61958  0.77255  1.35127  0.29963
     66   2.50236  5.46173  2.89104  2.10355  3.26580  2.57803  3.94155  3.67744  1.95616  3.76263  3.93616  3.22489  3.16391  2.80063  2.70003  2.69246  2.67680  3.41140  5.90062  4.49595    107 k - - .
          2.68581  4.42132  2.77485  2.73148  3.46417  2.40541  3.72456  3.29261  2.67762  2.69302  4.24666  2.90387  2.73756  3.18164  2.89756  2.37923  2.77545  2.98542  4.58356  3.61500
          0.70919  1.10995  1.72383  1.28784  0.32278  0.10631  2.29411
     67   2.93113  5.37469  3.45461  2.95101  4.59169  2.45596  3.84128  2.60272  2.98175  3.29539  4.45177  3.65569  1.25594  3.21843  3.20596  3.31055  3.14992  2.48085  5.89262  4.57557    119 p - - -
          2.68618  4.42225  2.77519  2.73123  3.46354  2.40513  3.72494  3.29354  2.67741  2.69355  4.24690  2.90347  2.73739  3.18146  2.89801  2.37887  2.77519  2.98518  4.58477  3.61503
          0.00494  5.70865  6.43100  0.61958  0.77255  0.53332  0.88347
     68   2.44331  5.76051  2.62777  2.46833  5.09878  3.62915  4.23015  3.18995  2.06007  2.49299  3.72648  3.24291  3.64777  2.38995  2.29754  3.07562  2.74968  2.94186  6.19728  4.79046    120 k - - S
          2.68618  4.42225  2.77519  2.73123  3.46354  2.40513  3.72494  3.29354  2.67741  2.69355  4.24690  2.90347  2.73739  3.18146  2.89801  2.37887  2.77519  2.98518  4.58477  3.61503
          0.00467  5.76562  6.48797  0.61958  0.77255  0.54191  0.87140
     69   2.52851  5.57965  3.63996  2.26290  4.84388  3.51051  3.49923  2.16813  2.53600  3.37361  3.47113  3.40222  4.49400  3.15908  2.41338  2.60241  2.34199  2.35872  6.06400  4.15419    121 i - - E
          2.68618  4.42225  2.77519  2.73123  3.46354  2.40513  3.72494  3.29354  2.67741  2.69355  4.24690  2.90347  2.73739  3.18146  2.89801  2.37887  2.77519  2.98518  4.58477  3.61503
          0.00457  5.78722  6.50956  0.61958  0.77255  0.40606  1.09742
     70   3.40280  4.77525  5.37765  4.76179  2.27061  4.57396  3.09007  1.47071  4.54432  1.62663  3.44874  4.73990  4.93654  4.67241  4.54822  3.43748  3.63490  1.68858  3.75514  4.21875    122 i - - E
          2.68618  4.42225  2.77519  2.73123  3.46354  2.40513  3.72494  3.29354  2.67741  2.69355  4.24690  2.90347  2.73739  3.18146  2.89801  2.37887  2.77519  2.98518  4.58477  3.61503
          0.00446  5.81160  6.53395  0.61958  0.77255  0.48576  0.95510
     71   3.30133  5.66276  2.99886  3.05789  4.95072  3.71586  1.80189  3.25744  2.56214  2.17428  4.71892  2.63061  4.49214  2.90238  2.61379  3.29489  2.53761  2.51457  6.13121  4.03748    123 h - - E
          2.68618  4.42225  2.77519  2.73123  3.46354  2.40513  3.72494  3.29354  2.67741  2.69355  4.24690  2.90347  2.73739  3.18146  2.89801  2.37887  2.77519  2.98518  4.58477  3.61503
          0.00446  5.81160  6.53395  0.61958  0.77255  0.48576  0.95510
     72   3.14098  3.73364  5.12915  4.52797  3.42634  3.70082  4.85139  3.23705  4.35911  2.99113  2.94563  4.61647  3.98806  4.53126  4.44509  1.38184  1.52683  2.66148  2.91678  2.93717    124 s - - E
          2.68618  4.42225  2.77519  2.73123  3.46354  2.40513  3.72494  3.29354  2.67741  2.69355  4.24690  2.90347  2.73739  3.18146  2.89801  2.37887  2.77519  2.98518  4.58477  3.61503
          0.00446  5.81160  6.53395  0.61958  0.77255  0.48576  0.95510
     73   5.20423  7.32303  0.08814  4.25040  7.14035  3.77923  6.07434  7.01459  5.44662  6.37176  7.42583  4.83182  5.86057  5.34818  6.11991  5.09874  5.61184  6.44015  7.99258  6.87073    125 D - - S
          2.68618  4.42225  2.77519  2.73123  3.46354  2.40513  3.72494  3.29354  2.67741  2.69355  4.24690  2.90347  2.73739  3.18146  2.89801  2.37887  2.77519  2.98518  4.58477  3.61503
          0.00446  5.81160  6.53395  0.61958  0.77255  0.48576  0.95510
     74   3.48190  4.09540  3.74999  3.17680  5.30461  3.50210  3.21204  4.76178  2.85782  4.22412  4.98242  1.31968  4.61914  1.60905  1.77719  3.44662  3.70176  4.34189  6.33101  4.96913    126 n - - S
          2.68618  4.42225  2.77519  2.73123  3.46354  2.40513  3.72494  3.29354  2.67741  2.69355  4.24690  2.90347  2.73739  3.18146  2.89801  2.37887  2.77519  2.98518  4.58477  3.61503
          0.00446  5.81160  6.53395  0.61958  0.77255  0.48576  0.95510
     75   2.72996  5.38568  3.87360  2.96984  4.59197  0.74813  4.44320  3.98301  3.27906  2.95993  3.39968  3.81059  4.61392  3.26804  3.26042  3.44486  3.12488  3.70153  5.92437  4.63084    127 g - - -
          2.68618  4.42225  2.77519  2.73123  3.46354  2.40513  3.72494  3.29354  2.67741  2.69355  4.24690  2.90347  2.73739  3.18146  2.89801  2.37887  2.77519  2.98518  4.58477  3.61503
          0.02501  5.81160  3.82994  0.61958  0.77255  0.48576  0.95510
     76   2.75293  5.63115  3.61422  3.05732  4.91251  3.11287  4.28860  3.70211  2.15237  3.90891  3.98562  3.59184  2.23481  3.41098  2.60012  1.47736  2.64098  3.98717  3.10202  4.73608    128 s - - H
          2.68618  4.42225  2.77519  2.73123  3.46354  2.40513  3.72494  3.29354  2.67741  2.69355  4.24690  2.90347  2.73739  3.18146  2.89801  2.37887  2.77519  2.98518  4.58477  3.61503
          0.00455  5.79114  6.51348  0.61958  0.77255  0.41692  1.07609
     77   2.12302  3.96983  3.54555  1.53674  5.13880  2.95161  3.50740  4.62249  2.99236  4.10088  4.83850  2.99293  3.48961  1.88689  3.48462  2.66240  2.52970  3.78918  6.23161  4.82262    129 e - - H
          2.68618  4.42225  2.77519  2.73123  3.46354  2.40513  3.72494  3.29354  2.67741  2.69355  4.24690  2.90347  2.73739  3.18146  2.89801  2.37887  2.77519  2.98518  4.58477  3.61503
          0.00446  5.81160  6.53395  0.61958  0.77255  0.48576  0.95510
     78   2.86111  4.76691  5.36307  4.74733  1.48406  3.64228  4.89652  2.64606  4.53074  2.63496  2.75001  4.72752  4.92664  4.66061  4.53659  3.87466  3.18872  2.40982  4.14655  1.43009    130 y - - H
          2.68618  4.42225  2.77519  2.73123  3.46354  2.40513  3.72494  3.29354  2.67741  2.69355  4.24690  2.90347  2.73739  3.18146  2.89801  2.37887  2.77519  2.98518  4.58477  3.61503
          0.00446  5.81160  6.53395  0.61958  0.77255  0.48576  0.95510
     79   2.30513  2.96280  4.68398  4.10302  3.50039  3.25873  4.73985  2.47541  3.09628  2.82766  4.00783  4.36865  4.82023  3.15106  3.49627  2.86627  1.56445  1.82516  5.50120  4.30183    131 t - - H
          2.68618  4.42225  2.77519  2.73123  3.46354  2.40513  3.72494  3.29354  2.67741  2.69355  4.24690  2.90347  2.73739  3.18146  2.89801  2.37887  2.77519  2.98518  4.58477  3.61503
          0.20223  5.81160  1.71425  0.61958  0.77255  0.48576  0.95510
     80   2.12603  4.40000  2.52580  2.95225  4.81290  3.19746  3.72852  4.25668  2.95110  3.07705  3.44398  2.49623  4.38022  3.30691  3.43032  1.24031  3.41775  3.88681  6.00362  4.63448    132 s - - S
          2.68618  4.42225  2.77519  2.73123  3.46354  2.40513  3.72494  3.29354  2.67741  2.69355  4.24690  2.90347  2.73739  3.18146  2.89801  2.37887  2.77519  2.98518  4.58477  3.61503
          0.00543  5.61480  6.33715  0.61958  0.77255  0.56786  0.83641
     81   2.74628  5.74811  3.11855  2.60950  5.09222  3.52162  3.18350  3.79885  1.70221  3.50126  3.81226  2.86506  4.40732  2.45511  1.84056  2.78613  3.17862  3.25910  6.18137  3.76189    133 k - - H
          2.68663  4.42402  2.77581  2.73162  3.46430  2.40546  3.72236  3.29372  2.67752  2.69434  4.24867  2.90235  2.73674  3.18090  2.89659  2.37993  2.77510  2.98446  4.58134  3.61442
          0.26504  1.46431  6.44508  2.15313  0.12343  0.28751  1.38681
     82   1.99231  5.80431  2.33514  1.85642  5.14954  3.36177  4.25405  3.93391  2.60164  3.69926  4.84493  3.27279  3.91293  2.91918  2.23563  2.22661  3.02085  3.43611  4.51730  4.82585    148 e - - H
          2.68618  4.42225  2.77519  2.73123  3.46354  2.40513  3.72494  3.29354  2.67741  2.69355  4.24690  2.90347  2.73739  3.18146  2.89801  2.37887  2.77519  2.98518  4.58477  3.61503
          0.00446  5.81160  6.53395  0.61958  0.77255  0.48576  0.95510
     83   2.97639  3.70562  5.36589  4.74980  1.75495  4.56235  3.05888  2.43627  4.53232  2.11497  3.14332  4.72812  4.92596  4.66156  4.53682  3.20620  2.45397  2.34084  3.12531  2.15494    149 f - - H
          2.68618  4.42225  2.77519  2.73123  3.46354  2.40513  3.72494  3.29354  2.67741  2.69355  4.24690  2.90347  2.73739  3.18146  2.89801  2.37887  2.77519  2.98518  4.58477  3.61503
          0.00446  5.81160  6.53395  0.61958  0.77255  0.48576  0.95510
     84   1.98251  5.74907  3.19026  2.40353  5.07059  4.07927  3.42118  3.54351  2.83144  2.77894  4.79598  3.55637  4.47216  1.96087  1.93285  2.89435  2.78137  2.98496  4.42646  4.79982    150 r - - H
          2.68618  4.42225  2.77519  2.73123  3.46354  2.40513  3.72494  3.29354  2.67741  2.69355  4.24690  2.90347  2.73739  3.18146  2.89801  2.37887  2.77519  2.98518  4.58477  3.61503
          0.00446  5.81160  6.53395  0.61958  0.77255  0.48576  0.95510
     85   2.34916  5.80601  2.61495  1.70240  5.15199  3.50843  4.25363  4.63861  2.26164  2.80963  4.03856  2.84969  4.46016  2.05621  2.84020  2.60759  3.17203  3.76766  6.23815  4.82665    151 e - - H
          2.68618  4.42225  2.77519  2.73123  3.46354  2.40513  3.72494  3.29354  2.67741  2.69355  4.24690  2.90347  2.73739  3.18146  2.89801  2.37887  2.77519  2.98518  4.58477  3.61503
          0.00446  5.81160  6.53395  0.61958  0.77255  0.48576  0.95510
     86   2.95570  4.76723  5.35083  4.73578  1.60123  4.56051  4.89382  2.37690  3.72661  1.69537  3.16161  4.72145  4.92426  3.82965  3.47486  3.87160  3.11232  2.24942  2.43221  3.32263    152 f - - H
          2.68618  4.42225  2.77519  2.73123  3.46354  2.40513  3.72494  3.29354  2.67741  2.69355  4.24690  2.90347  2.73739  3.18146  2.89801  2.37887  2.77519  2.98518  4.58477  3.61503
          0.00446  5.81160  6.53395  0.61958  0.77255  0.48576  0.95510
     87   1.76670  2.47817  4.89293  3.57923  3.38866  3.80839  4.79676  2.62951  4.17567  1.25590  3.95900  4.49103  4.85927  3.44641  3.54391  3.15325  2.68413  3.09629  5.45626  4.26649    153 l - - H
          2.68618  4.42225  2.77519  2.73123  3.46354  2.40513  3.72494  3.29354  2.67741  2.69355  4.24690  2.90347  2.73739  3.18146  2.89801  2.37887  2.77519  2.98518  4.58477  3.61503
          0.00446  5.81160  6.53395  0.61958  0.77255  0.48576  0.95510
     88   2.06934  5.78410  3.03724  2.24361  4.32270  3.06189  3.46936  2.97940  2.07610  3.14137  3.54444  3.04610  4.46466  2.78070  2.69184  2.51148  2.97479  3.70412  4.03436  4.28798    154 a - - H
          2.68618  4.42225  2.77519  2.73123  3.46354  2.40513  3.72494  3.29354  2.67741  2.69355  4.24690  2.90347  2.73739  3.18146  2.89801  2.37887  2.77519  2.98518  4.58477  3.61503
          0.00446  5.81160  6.53395  0.61958  0.77255  0.48576  0.95510
     89   2.37990  5.80358  2.26206  2.12608  3.97598  4.06717  2.64195  3.88448  2.37325  3.42440  4.84428  3.04612  4.46064  2.56728  2.68010  2.21917  2.89583  4.19413  4.44603  3.70757    155 e - - C
          2.68618  4.42225  2.77519  2.73123  3.46354  2.40513  3.72494  3.29354  2.67741  2.69355  4.24690  2.90347  2.73739  3.18146  2.89801  2.37887  2.77519  2.98518  4.58477  3.61503
          0.00446  5.81160  6.53395  0.61958  0.77255  0.48576  0.95510
     90   2.57888  4.94674  3.85302  3.94275  2.93667  4.40994  2.60634  2.94333  2.93611  1.73106  3.57211  2.47930  4.78425  4.13321  3.28009  3.37682  3.04876  2.82623  3.56336  2.19377    156 l - - C
          2.68618  4.42225  2.77519  2.73123  3.46354  2.40513  3.72494  3.29354  2.67741  2.69355  4.24690  2.90347  2.73739  3.18146  2.89801  2.37887  2.77519  2.98518  4.58477  3.61503
          0.00446  5.81160  6.53395  0.61958  0.77255  0.48576  0.95510
     91   2.56009  5.87819  2.53610  2.66441  5.22231  1.07772  4.30974  4.71087  2.49873  4.18248  4.92127  2.55545  4.51058  2.72283  2.87057  3.31628  3.59231  4.26874  6.30889  4.89290    157 g - - T
          2.68618  4.42225  2.77519  2.73123  3.46354  2.40513  3.72494  3.29354  2.67741  2.69355  4.24690  2.90347  2.73739  3.18146  2.89801  2.37887  2.77519  2.98518  4.58477  3.61503
          0.00446  5.81160  6.53395  0.61958  0.77255  0.48576  0.95510
     92   2.67781  3.65595  5.49445  4.88648  2.60785  4.70389  5.05302  1.16525  4.67626  2.11465  3.35972  4.87079  5.05996  4.80957  4.68547  4.02086  2.89832  1.57554  5.53642  4.35924    158 i - - -
          2.68618  4.42225  2.77519  2.73123  3.46354  2.40513  3.72494  3.29354  2.67741  2.69355  4.24690  2.90347  2.73739  3.18146  2.89801  2.37887  2.77519  2.98518  4.58477  3.61503
          0.00446  5.81160  6.53395  0.61958  0.77255  0.48576  0.95510
     93   2.45802  5.79842  2.95669  2.34205  4.03973  4.06828  3.36456  3.87805  1.86999  2.77332  4.27625  3.53669  3.76838  2.40779  2.18080  2.63655  2.55008  3.57783  6.23257  4.82311    159 k - - E
          2.68618  4.42225  2.77519  2.73123  3.46354  2.40513  3.72494  3.29354  2.67741  2.69355  4.24690  2.90347  2.73739  3.18146  2.89801  2.37887  2.77519  2.98518  4.58477  3.61503
          0.00446  5.81160  6.53395  0.61958  0.77255  0.48576  0.95510
     94   3.04222  4.94727  4.51691  3.94157  3.53941  4.40969  2.03265  2.76534  3.50142  2.48095  4.05743  4.26331  2.07083  2.40928  3.23308  3.39664  3.31860  1.80946  3.42322  4.33727    160 v - - E
          2.68618  4.42225  2.77519  2.73123  3.46354  2.40513  3.72494  3.29354  2.67741  2.69355  4.24690  2.90347  2.73739  3.18146  2.89801  2.37887  2.77519  2.98518  4.58477  3.61503
          0.00446  5.81160  6.53395  0.61958  0.77255  0.48576  0.95510
     95   3.29988  3.48967  2.65889  2.68067  4.11119  3.62129  3.79257  3.45265  2.33806  3.17380  4.73816  3.58433  4.48683  3.16809  2.47155  1.54528  2.74963  2.93705  6.14750  2.96241    161 s - - E
          2.68618  4.42225  2.77519  2.73123  3.46354  2.40513  3.72494  3.29354  2.67741  2.69355  4.24690  2.90347  2.73739  3.18146  2.89801  2.37887  2.77519  2.98518  4.58477  3.61503
          0.00446  5.81160  6.53395  0.61958  0.77255  0.48576  0.95510
     96   3.07615  3.77127  5.31237  4.69993  2.10615  4.55558  3.26222  2.87148  4.49410  1.93835  2.19415  3.33256  3.07200  4.63327  3.10617  3.86503  2.14283  2.39399  4.26965  3.14538    162 l - - B
          2.68618  4.42225  2.77519  2.73123  3.46354  2.40513  3.72494  3.29354  2.67741  2.69355  4.24690  2.90347  2.73739  3.18146  2.89801  2.37887  2.77519  2.98518  4.58477  3.61503
          0.00446  5.81160  6.53395  0.61958  0.77255  0.48576  0.95510
     97   2.48268  2.22099  3.62224  3.37745  4.44765  2.36959  2.75593  2.69372  3.35620  3.07190  4.36246  3.26736  4.61813  3.68705  3.77649  1.74534  2.25898  3.56776  5.82209  4.54493    163 s - - X
          2.68618  4.42225  2.77519  2.73123  3.46354  2.40513  3.72494  3.29354  2.67741  2.69355  4.24690  2.90347  2.73739  3.18146  2.89801  2.37887  2.77519  2.98518  4.58477  3.61503
          0.00446  5.81160  6.53395  0.61958  0.77255  0.48576  0.95510
     98   2.40317  3.39204  2.63713  2.71684  5.11961  3.53375  4.25954  2.94867  2.62633  4.08497  4.82655  3.54251  3.10719  2.76192  1.42277  2.65385  3.00957  3.45064  6.22162  4.81615    164 r - - X
          2.68618  4.42225  2.77519  2.73123  3.46354  2.40513  3.72494  3.29354  2.67741  2.69355  4.24690  2.90347  2.73739  3.18146  2.89801  2.37887  2.77519  2.98518  4.58477  3.61503
          0.00446  5.81160  6.53395  0.61958  0.77255  0.48576  0.95510
     99   2.26207  5.43186  3.80169  3.24170  4.65353  4.18127  4.39663  3.36478  2.22532  3.68614  4.51800  3.74567  1.22927  3.57010  2.75695  3.08743  2.61054  2.58617  5.95895  4.64758    165 p - - S
          2.68618  4.42225  2.77519  2.73123  3.46354  2.40513  3.72494  3.29354  2.67741  2.69355  4.24690  2.90347  2.73739  3.18146  2.89801  2.37887  2.77519  2.98518  4.58477  3.61503
          0.02587  5.81160  3.79202  0.61958  0.77255  0.48576  0.95510
    100   2.64305  4.27363  3.87556  3.31468  3.82761  1.32174  3.20267  3.87633  3.29413  3.53742  4.39034  3.44089  4.58804  2.99699  2.39209  3.41956  3.54769  3.60550  4.43879  1.92860    166 g - - S
          2.68618  4.42225  2.77519  2.73123  3.46354  2.40513  3.72494  3.29354  2.67741  2.69355  4.24690  2.90347  2.73739  3.18146  2.89801  2.37887  2.77519  2.98518  4.58477  3.61503
          0.00455  5.79028  6.51263  0.61958  0.77255  0.41449  1.08080
    101   3.13011  5.80707  2.54155  2.98667  5.15305  4.06782  3.14146  4.63949  2.19476  4.11261  4.84756  1.79269  4.46140  3.03918  2.00402  1.86935  2.89014  4.19822  6.23908  3.68040    167 n - - X
          2.68618  4.42225  2.77519  2.73123  3.46354  2.40513  3.72494  3.29354  2.67741  2.69355  4.24690  2.90347  2.73739  3.18146  2.89801  2.37887  2.77519  2.98518  4.58477  3.61503
          0.00446  5.81160  6.53395  0.61958  0.77255  0.48576  0.95510
    102   2.44090  2.38760  4.20152  3.68106  5.06699  4.24089  3.71545  4.48007  2.83763  4.11025  4.93272  4.09675  0.89096  3.99288  4.03988  2.02470  3.77953  4.09910  6.36287  5.07754    168 p - - G
          2.68618  4.42225  2.77519  2.73123  3.46354  2.40513  3.72494  3.29354  2.67741  2.69355  4.24690  2.90347  2.73739  3.18146  2.89801  2.37887  2.77519  2.98518  4.58477  3.61503
          0.00300  5.81015        *  0.61958  0.77255  0.00000        *
//
