HMMER3/f [3.3 | Nov 2019]
NAME  THAP
ACC   PF05485.17
DESC  THAP domain
LENG  87
ALPH  amino
RF    no
MM    no
CONS  yes
CS    no
MAP   yes
DATE  Tue Jan 16 22:25:50 2024
NSEQ  331
EFFN  6.391609
CKSUM 2960748841
GA    23.9 23.9;
TC    23.9 23.9;
NC    23.8 23.8;
BM    hmmbuild HMM.ann SEED.ann
SM    hmmsearch --cpu 4 -Z 81514348 -E 1000 HMM pfamseq
STATS LOCAL MSV       -9.6796  0.71846
STATS LOCAL VITERBI  -10.6644  0.71846
STATS LOCAL FORWARD   -3.4381  0.71846
HMM          A        C        D        E        F        G        H        I        K        L        M        N        P        Q        R        S        T        V        W        Y   
            m->m     m->i     m->d     i->m     i->i     d->m     d->d
  COMPO   2.70334  3.24509  3.01671  2.69406  3.08892  3.15733  3.33000  3.11968  2.50282  2.70755  3.98322  2.95346  3.01484  3.05209  2.73665  2.59493  2.86139  2.87963  4.13291  3.69047
          2.68618  4.42225  2.77519  2.73123  3.46354  2.40513  3.72494  3.29354  2.67741  2.69355  4.24690  2.90347  2.73739  3.18146  2.89801  2.37887  2.77519  2.98518  4.58477  3.61503
          0.00573  5.56052  6.28286  0.61958  0.77255  0.00000        *
      1   3.81168  0.38261  4.06060  3.17987  4.83002  4.45412  4.86661  4.32470  3.39806  3.98838  4.91670  4.23191  5.00080  3.73326  3.75773  3.95773  4.10417  4.06221  6.18727  4.28639      1 C - - -
          2.68618  4.42225  2.77519  2.73123  3.46354  2.40513  3.72494  3.29354  2.67741  2.69355  4.24690  2.90347  2.73739  3.18146  2.89801  2.37887  2.77519  2.98518  4.58477  3.61503
          0.00573  5.56052  6.28286  0.61958  0.77255  0.48576  0.95510
      2   1.87007  1.96349  4.65076  4.01060  2.98006  4.08193  4.66027  2.49603  3.37330  2.58943  3.65558  4.24041  4.71360  4.06190  3.97990  2.11483  2.99290  2.10527  5.27030  3.64630      2 a - - -
          2.68618  4.42225  2.77519  2.73123  3.46354  2.40513  3.72494  3.29354  2.67741  2.69355  4.24690  2.90347  2.73739  3.18146  2.89801  2.37887  2.77519  2.98518  4.58477  3.61503
          0.00573  5.56052  6.28286  0.61958  0.77255  0.48576  0.95510
      3   1.82664  4.61798  5.17347  4.00456  3.09428  4.40981  4.74366  2.03547  4.19402  2.45596  3.66117  4.56166  4.77286  4.49242  4.37475  3.64896  3.47272  1.08110  5.24616  3.27839      3 v - - -
          2.68619  4.42226  2.77520  2.73124  3.46324  2.40514  3.72495  3.29355  2.67742  2.69356  4.24690  2.90347  2.73740  3.18147  2.89802  2.37888  2.77520  2.98519  4.58478  3.61504
          0.05500  4.07310  3.31069  0.42637  1.05806  0.48576  0.95510
      4   2.62718  4.86394  3.29518  2.70724  3.53415  3.63243  3.90695  3.13022  2.37759  2.97932  4.12310  3.07992  1.87066  3.06606  2.60309  2.73974  2.82119  3.05715  5.89893  3.15932      5 p - - -
          2.68618  4.42225  2.77519  2.73123  3.46354  2.40513  3.72494  3.29354  2.67741  2.69355  4.24690  2.90347  2.73739  3.18146  2.89801  2.37887  2.77519  2.98518  4.58477  3.61503
          0.00594  5.52528  6.24763  0.61958  0.77255  0.60539  0.78936
      5   2.94764  5.15975  2.65995  2.83189  3.67569  1.55803  3.76642  3.45127  2.77505  3.19532  4.13278  2.08732  4.32824  3.04628  3.13331  2.56038  3.07185  3.74463  5.36036  3.78948      6 g - - -
          2.68619  4.42205  2.77519  2.73127  3.46339  2.40516  3.72498  3.29350  2.67744  2.69356  4.24681  2.90345  2.73743  3.18139  2.89798  2.37887  2.77520  2.98522  4.58481  3.61500
          0.01270  4.53807  6.25264  1.19112  0.36223  0.40865  1.09227
      6   3.86006  0.12325  6.10883  6.12020  6.15900  4.50444  6.55340  5.48512  5.92838  5.34747  6.32512  5.46092  5.35592  6.11578  5.86108  4.09511  3.81449  4.87393  7.43766  6.46974     15 C - - -
          2.68618  4.42225  2.77519  2.73123  3.46354  2.40513  3.72494  3.29354  2.67741  2.69355  4.24690  2.90347  2.73739  3.18146  2.89801  2.37887  2.77519  2.98518  4.58477  3.61503
          0.00573  5.56052  6.28286  0.61958  0.77255  0.48576  0.95510
      7   2.90732  4.58778  2.90277  2.38404  4.12592  2.60332  3.60728  3.97182  2.05909  3.31680  4.52397  2.56328  3.01078  2.89408  2.51989  2.36889  2.54376  3.59831  6.08837  4.31158     16 k - - -
          2.68618  4.42225  2.77519  2.73123  3.46354  2.40513  3.72494  3.29354  2.67741  2.69355  4.24690  2.90347  2.73739  3.18146  2.89801  2.37887  2.77519  2.98518  4.58477  3.61503
          0.02512  5.56052  3.86493  0.61958  0.77255  0.48576  0.95510
      8   2.90646  5.63924  2.80484  2.75620  4.45028  3.50716  3.42373  4.10625  2.50779  3.70620  4.68074  1.55658  4.19313  2.83735  2.75899  2.01669  2.65705  3.31115  6.07386  3.82586     17 n - - -
          2.68618  4.42225  2.77519  2.73123  3.46354  2.40513  3.72494  3.29354  2.67741  2.69355  4.24690  2.90347  2.73739  3.18146  2.89801  2.37887  2.77519  2.98518  4.58477  3.61503
          0.37713  5.54124  1.17037  0.61958  0.77255  0.57590  0.82600
      9   2.77444  5.13837  3.12241  2.46137  4.12953  2.54597  3.37616  4.04715  2.25927  3.48839  4.48526  2.45117  3.95736  2.80225  2.29950  2.27228  2.48371  3.38538  5.87999  3.88578     18 k - - -
          2.68641  4.42203  2.77528  2.73135  3.46369  2.40519  3.72510  3.29362  2.67712  2.69353  4.24682  2.90339  2.73764  3.18140  2.89776  2.37865  2.77510  2.98539  4.58512  3.61481
          0.23494  1.67318  3.82901  1.28742  0.32294  1.40374  0.28193
     10   2.58836  5.45198  2.65471  2.39458  4.59926  3.33757  3.30173  4.01659  2.18146  3.40820  4.49301  2.86709  3.60817  2.65477  2.44560  2.16313  2.85006  3.63883  5.88552  2.83641     23 s - - -
          2.68618  4.42225  2.77519  2.73123  3.46354  2.40513  3.72494  3.29354  2.67741  2.69355  4.24690  2.90347  2.73739  3.18146  2.89801  2.37887  2.77519  2.98518  4.58477  3.61503
          0.04394  5.15966  3.29026  0.61958  0.77255  1.29047  0.32178
     11   2.77600  5.43729  2.87681  2.37343  4.17655  2.94061  3.57052  3.93412  2.11683  3.21590  4.18606  2.51265  3.66183  2.79523  2.34823  2.30026  2.84453  3.23128  5.03543  3.71003     24 k - - -
          2.68618  4.42225  2.77519  2.73123  3.46354  2.40513  3.72494  3.29354  2.67741  2.69355  4.24690  2.90347  2.73739  3.18146  2.89801  2.37887  2.77519  2.98518  4.58477  3.61503
          0.03794  5.15807  3.45845  0.61958  0.77255  1.17562  0.36908
     12   2.71673  4.76308  2.61739  2.43163  4.29700  3.08836  3.61743  3.40715  2.36645  2.92755  3.93171  2.67716  3.58317  2.63764  2.57990  2.22872  2.82061  3.11508  5.31280  4.01939     25 s - - -
          2.68618  4.42225  2.77519  2.73123  3.46354  2.40513  3.72494  3.29354  2.67741  2.69355  4.24690  2.90347  2.73739  3.18146  2.89801  2.37887  2.77519  2.98518  4.58477  3.61503
          0.03337  5.18898  3.60297  0.61958  0.77255  0.94225  0.49389
     13   2.57542  4.92060  2.73671  2.40318  4.84240  3.12662  3.07991  3.46531  2.11868  3.50393  4.38196  2.50516  3.50711  2.84314  2.60222  2.38851  2.61906  3.12788  5.44732  4.35319     26 k - - -
          2.68618  4.42225  2.77519  2.73123  3.46354  2.40513  3.72494  3.29354  2.67741  2.69355  4.24690  2.90347  2.73739  3.18146  2.89801  2.37887  2.77519  2.98518  4.58477  3.61503
          0.20755  5.27024  1.70219  0.61958  0.77255  1.02110  0.44660
     14   2.73075  4.85848  2.60962  2.39430  4.03418  3.04483  3.61448  3.82049  2.28397  3.42386  4.23014  2.49802  2.75082  2.83926  2.58998  2.25586  2.78040  3.47305  5.04704  4.18399     27 s - - -
          2.68618  4.42225  2.77519  2.73123  3.46354  2.40513  3.72494  3.29354  2.67741  2.69355  4.24690  2.90347  2.73739  3.18146  2.89801  2.37887  2.77519  2.98518  4.58477  3.61503
          0.14578  5.13385  2.04205  0.61958  0.77255  0.84977  0.55777
     15   2.54814  4.95246  2.67030  2.43328  4.38417  2.85285  3.38204  3.82572  2.21382  3.14960  4.49137  2.74839  3.87847  2.86641  2.35227  2.24110  2.71539  3.43489  5.88532  3.72400     28 k - - -
          2.68618  4.42225  2.77519  2.73123  3.46354  2.40513  3.72494  3.29354  2.67741  2.69355  4.24690  2.90347  2.73739  3.18146  2.89801  2.37887  2.77519  2.98518  4.58477  3.61503
          0.18567  5.17534  1.80914  0.61958  0.77255  0.60745  0.78688
     16   2.55383  4.43000  2.96817  2.51212  4.57536  3.01140  3.77334  3.38222  2.16803  3.19588  4.16076  2.72648  3.63282  2.67836  2.56993  2.28241  2.39969  3.18645  5.49875  4.19266     29 k - - -
          2.68618  4.42225  2.77519  2.73123  3.46354  2.40513  3.72494  3.29354  2.67741  2.69355  4.24690  2.90347  2.73739  3.18146  2.89801  2.37887  2.77519  2.98518  4.58477  3.61503
          0.22817  5.24667  1.61573  0.61958  0.77255  1.33182  0.30652
     17   2.78085  4.87358  2.76739  2.41781  4.23453  2.79863  3.68808  3.87131  2.08441  3.41298  4.10715  2.76431  3.57691  2.76643  2.39532  2.32146  2.81147  3.13361  4.97361  3.51730     30 k - - -
          2.68646  4.42206  2.77488  2.73077  3.46425  2.40473  3.72468  3.29399  2.67678  2.69396  4.24762  2.90284  2.73763  3.18172  2.89753  2.37903  2.77545  2.98570  4.58545  3.61539
          1.09867  0.41022  5.75062  1.37826  0.29037  1.14761  0.38184
     18   2.83719  4.00050  4.59162  4.18486  3.21989  4.13082  4.12811  1.75373  3.38546  1.83857  3.43229  4.08496  4.31398  4.16194  3.41053  2.97452  2.73936  1.63142  4.54562  3.63056     50 v - - -
          2.68618  4.42225  2.77519  2.73123  3.46354  2.40513  3.72494  3.29354  2.67741  2.69355  4.24690  2.90347  2.73739  3.18146  2.89801  2.37887  2.77519  2.98518  4.58477  3.61503
          0.00872  5.14193  5.86428  0.61958  0.77255  0.66904  0.71785
     19   2.92950  4.97754  3.38065  2.74633  4.26486  3.18229  3.58616  3.26287  2.36551  3.16869  4.03619  3.24617  3.85666  2.73303  2.56524  1.64449  2.19635  3.29300  5.37371  4.00292     51 s - - -
          2.68618  4.42225  2.77519  2.73123  3.46354  2.40513  3.72494  3.29354  2.67741  2.69355  4.24690  2.90347  2.73739  3.18146  2.89801  2.37887  2.77519  2.98518  4.58477  3.61503
          0.01052  5.35263  5.16157  0.61958  0.77255  0.24802  1.51568
     20   3.21938  4.39959  5.16772  4.55350  1.17185  4.22669  4.51827  2.88858  4.34170  1.62614  3.06256  4.54438  4.75079  4.47570  4.15325  3.46208  2.81992  2.57805  5.21721  2.72728     52 f - - -
          2.68618  4.42225  2.77519  2.73123  3.46354  2.40513  3.72494  3.29354  2.67741  2.69355  4.24690  2.90347  2.73739  3.18146  2.89801  2.37887  2.77519  2.98518  4.58477  3.61503
          0.00579  5.54987  6.27222  0.61958  0.77255  0.53674  0.87864
     21   3.13376  4.30464  4.90444  4.30617  1.49370  4.19362  1.47372  2.83308  3.95852  2.69764  3.65146  4.19352  4.71713  4.32844  4.03211  3.21580  3.19178  2.84730  4.67729  2.54323     53 h - - -
          2.68625  4.42191  2.77524  2.73121  3.46352  2.40512  3.72501  3.29349  2.67729  2.69358  4.24696  2.90342  2.73746  3.18153  2.89805  2.37881  2.77526  2.98513  4.58484  3.61504
          0.05921  3.85205  3.31720  1.25527  0.33547  0.51104  0.91597
     22   2.72746  4.81964  3.37742  2.58893  4.96242  3.00089  3.29468  4.03712  1.86992  3.81639  4.15018  2.95047  3.37710  2.97471  1.69811  2.41130  2.94485  3.36696  6.05817  4.25143     60 r - - -
          2.68609  4.42213  2.77522  2.73126  3.46356  2.40513  3.72497  3.29349  2.67738  2.69358  4.24692  2.90344  2.73738  3.18143  2.89803  2.37889  2.77520  2.98521  4.58480  3.61506
          0.05857  3.11676  4.37487  0.26737  1.44981  0.38496  1.14093
     23   3.06484  4.60277  5.14214  4.52982  0.94563  4.38640  4.71736  2.43633  4.32406  2.10390  3.44450  4.53454  4.24389  3.59858  4.00752  3.61618  3.45372  2.35204  5.22322  3.42531     62 f - - -
          2.68607  4.42197  2.77523  2.73129  3.46349  2.40522  3.72497  3.29356  2.67734  2.69352  4.24682  2.90356  2.73740  3.18151  2.89794  2.37876  2.77525  2.98524  4.58486  3.61512
          0.07035  2.90125  4.34435  0.84821  0.55893  0.45621  1.00426
     24   3.39536  4.75027  4.32197  3.63886  4.40833  4.25847  4.69078  3.83244  3.54177  3.34509  4.43150  4.15352  0.50664  4.01316  3.57372  3.60091  3.38552  3.57491  5.82691  3.55721     66 P - - -
          2.68652  4.42222  2.77469  2.73082  3.46365  2.40575  3.72521  3.29366  2.67631  2.69355  4.24767  2.90363  2.73728  3.18152  2.89755  2.37923  2.77539  2.98513  4.58401  3.61555
          0.50766  1.05196  3.01903  1.39867  0.28359  0.47907  0.96590
     25   2.69830  4.30089  3.16025  2.58801  4.54631  3.71796  3.33837  3.91111  1.58302  2.85134  4.27621  3.01439  3.72920  2.77637  2.16342  2.69358  2.94168  3.47616  6.04179  3.50258     85 k - - -
          2.68618  4.42225  2.77519  2.73123  3.46354  2.40513  3.72494  3.29354  2.67741  2.69355  4.24690  2.90347  2.73739  3.18146  2.89801  2.37887  2.77519  2.98518  4.58477  3.61503
          0.08543  5.50945  2.55320  0.61958  0.77255  0.70562  0.68083
     26   2.72265  4.39279  1.48097  2.25799  4.24822  3.73555  3.76404  4.38318  2.51167  2.87250  4.61003  2.47249  4.12003  3.04227  2.80253  2.78098  2.94136  3.74864  5.14249  4.17846     86 d - - -
          2.68618  4.42225  2.77519  2.73123  3.46354  2.40513  3.72494  3.29354  2.67741  2.69355  4.24690  2.90347  2.73739  3.18146  2.89801  2.37887  2.77519  2.98518  4.58477  3.61503
          0.00653  5.43055  6.15290  0.61958  0.77255  0.74261  0.64602
     27   2.62333  5.59864  2.80970  2.08575  4.70393  3.47020  3.93253  3.79966  2.07870  2.86952  4.00626  3.00900  2.23552  2.75284  2.71111  2.56284  2.99104  3.58934  5.39370  4.49472     87 k - - -
          2.68618  4.42225  2.77519  2.73123  3.46354  2.40513  3.72494  3.29354  2.67741  2.69355  4.24690  2.90347  2.73739  3.18146  2.89801  2.37887  2.77519  2.98518  4.58477  3.61503
          0.23361  5.46390  1.58919  0.61958  0.77255  0.35648  1.20442
     28   2.40044  4.74895  2.58239  1.89090  4.88493  3.39022  3.66242  3.70425  2.28409  3.39155  4.40673  2.73194  3.07911  2.75617  2.75534  2.62324  2.72045  3.18413  5.97441  4.24894     88 e - - -
          2.68618  4.42225  2.77519  2.73123  3.46354  2.40513  3.72494  3.29354  2.67741  2.69355  4.24690  2.90347  2.73739  3.18146  2.89801  2.37887  2.77519  2.98518  4.58477  3.61503
          0.01206  5.34503  4.93209  0.61958  0.77255  1.15740  0.37732
     29   2.81081  4.86910  3.38617  2.70889  3.89125  3.68283  3.75829  2.94989  2.62485  1.89018  3.65868  3.29110  4.29012  2.54112  1.86508  2.98304  2.93783  2.91178  5.66487  4.18837     89 r - - -
          2.68618  4.42225  2.77519  2.73123  3.46354  2.40513  3.72494  3.29354  2.67741  2.69355  4.24690  2.90347  2.73739  3.18146  2.89801  2.37887  2.77519  2.98518  4.58477  3.61503
          0.00715  5.34012  6.06247  0.61958  0.77255  1.13613  0.38722
     30   2.60690  2.97967  4.33412  3.56933  2.83324  4.14529  4.27386  2.70268  2.87299  1.84394  3.36092  3.91349  4.51794  3.31850  1.68077  3.24872  3.20014  2.84816  4.91106  3.47750     90 r - - -
          2.68620  4.42211  2.77521  2.73125  3.46356  2.40514  3.72496  3.29349  2.67742  2.69354  4.24673  2.90348  2.73741  3.18148  2.89790  2.37888  2.77521  2.98520  4.58479  3.61496
          0.03915  3.32204  6.06738  0.33245  1.26289  0.97304  0.47471
     31   2.53647  5.55924  2.95919  2.26640  4.62995  3.57219  3.62496  3.65089  1.83721  3.22031  4.59990  2.79161  4.03112  2.04363  2.37615  2.64737  3.00159  3.75022  5.99192  4.29516     92 k - - -
          2.68611  4.42238  2.77522  2.73117  3.46362  2.40516  3.72502  3.29362  2.67738  2.69338  4.24703  2.90350  2.73751  3.18154  2.89781  2.37895  2.77520  2.98526  4.58380  3.61516
          0.05797  2.97198  5.27367  1.31214  0.31367  0.33249  1.26279
     32   2.45722  4.95829  3.23227  2.34778  4.90932  3.91508  4.10463  3.19433  1.53009  2.59874  3.90435  3.23938  4.17100  2.26633  2.51403  3.03054  3.09567  3.45676  6.03363  4.63688     98 k - - -
          2.68618  4.42225  2.77519  2.73123  3.46354  2.40513  3.72494  3.29354  2.67741  2.69355  4.24690  2.90347  2.73739  3.18146  2.89801  2.37887  2.77519  2.98518  4.58477  3.61503
          0.00591  5.53062  6.25296  0.61958  0.77255  0.60258  0.79274
     33   5.59227  6.49018  6.38298  6.35277  2.94377  6.01718  4.65444  5.02754  6.02008  3.70746  5.52554  5.56394  6.27255  5.72576  5.82152  5.45712  5.79269  5.05774  0.21421  2.87546     99 W - - -
          2.68610  4.42168  2.77534  2.73115  3.46336  2.40525  3.72511  3.29345  2.67739  2.69323  4.24682  2.90347  2.73751  3.18160  2.89779  2.37893  2.77538  2.98513  4.58501  3.61527
          0.10985  2.55966  3.62293  1.39888  0.28352  0.41461  1.08058
     34   2.79684  3.63870  4.58419  3.20378  3.49970  4.12510  4.45731  1.88073  3.54140  1.44781  3.03833  3.74197  4.69892  3.53634  3.26135  3.38354  3.01497  2.05858  4.72317  3.92646    105 l - - -
          2.68621  4.42228  2.77511  2.73127  3.46357  2.40516  3.72491  3.29353  2.67739  2.69354  4.24693  2.90350  2.73736  3.18143  2.89801  2.37890  2.77518  2.98511  4.58480  3.61500
          0.08779  2.92302  3.49737  0.23331  1.56978  0.43880  1.03510
     35   2.47969  4.57588  2.63094  2.08569  4.98520  3.59646  2.98935  3.86491  2.02476  3.51043  4.40047  2.60751  3.91274  2.53904  2.54704  2.72543  2.88558  3.35741  5.20946  4.05203    107 k - - -
          2.68618  4.42225  2.77519  2.73123  3.46354  2.40513  3.72494  3.29354  2.67741  2.69355  4.24690  2.90347  2.73739  3.18146  2.89801  2.37887  2.77519  2.98518  4.58477  3.61503
          0.00591  5.52980  6.25214  0.61958  0.77255  0.62503  0.76625
     36   1.82628  4.72388  3.59371  2.99617  2.76792  4.02390  4.06227  3.00923  2.72828  2.79684  4.27337  1.79067  4.07375  2.79776  3.16005  2.77810  3.15696  3.01272  5.29341  3.96203    108 n - - -
          2.68618  4.42225  2.77519  2.73123  3.46354  2.40513  3.72494  3.29354  2.67741  2.69355  4.24690  2.90347  2.73739  3.18146  2.89801  2.37887  2.77519  2.98518  4.58477  3.61503
          0.02263  5.52980  3.99498  0.61958  0.77255  0.62503  0.76625
     37   2.70678  2.13744  4.75511  4.14685  2.93408  3.70753  4.69117  1.78213  3.94755  1.99115  2.82864  4.20287  4.72382  4.23057  4.07182  3.21561  2.83353  1.94549  5.19691  4.02003    109 i - - -
          2.68618  4.42225  2.77519  2.73123  3.46354  2.40513  3.72494  3.29354  2.67741  2.69355  4.24690  2.90347  2.73739  3.18146  2.89801  2.37887  2.77519  2.98518  4.58477  3.61503
          0.02183  5.51318  4.04228  0.61958  0.77255  0.65591  0.73183
     38   2.88238  4.77791  3.03266  2.59094  4.97187  2.26413  3.54694  4.14827  1.86019  3.74317  4.18513  2.82518  3.29251  2.32979  2.10658  2.69214  3.15251  3.92370  6.05880  4.23796    110 k - - -
          2.68618  4.42225  2.77519  2.73123  3.46354  2.40513  3.72494  3.29354  2.67741  2.69355  4.24690  2.90347  2.73739  3.18146  2.89801  2.37887  2.77519  2.98518  4.58477  3.61503
          0.04937  5.50224  3.12149  0.61958  0.77255  0.63542  0.75441
     39   2.90410  4.34363  3.40665  2.82755  4.23029  3.43896  3.64956  3.14417  2.54933  2.30823  3.66426  2.81326  3.65947  3.04486  1.61000  2.67655  3.09220  3.00644  5.26119  3.97114    111 r - - -
          2.68620  4.42203  2.77518  2.73125  3.46356  2.40512  3.72496  3.29349  2.67740  2.69357  4.24691  2.90348  2.73739  3.18148  2.89802  2.37888  2.77519  2.98520  4.58479  3.61489
          0.04752  3.45056  4.22112  0.33252  1.26271  0.58775  0.81097
     40   2.70365  5.62308  2.62652  2.20115  4.41638  3.23819  3.26255  4.12954  2.24054  3.56143  4.33798  2.73168  2.88670  2.81025  2.50033  2.47317  2.39958  3.41911  5.08696  4.15061    113 e - - -
          2.68618  4.42225  2.77519  2.73123  3.46354  2.40513  3.72494  3.29354  2.67741  2.69355  4.24690  2.90347  2.73739  3.18146  2.89801  2.37887  2.77519  2.98518  4.58477  3.61503
          0.22725  5.49774  1.61354  0.61958  0.77255  0.71495  0.67181
     41   2.76596  5.09727  1.98442  2.24251  4.15314  2.90620  3.42204  3.89134  2.37804  3.41055  4.38606  2.59490  2.89284  2.72853  2.73948  2.59374  3.15890  3.60418  5.94465  3.98358    114 d - - -
          2.68618  4.42225  2.77519  2.73123  3.46354  2.40513  3.72494  3.29354  2.67741  2.69355  4.24690  2.90347  2.73739  3.18146  2.89801  2.37887  2.77519  2.98518  4.58477  3.61503
          0.01116  5.28373  5.11265  0.61958  0.77255  1.19443  0.36079
     42   2.66084  4.77309  2.78133  2.57597  3.29714  3.35067  3.67635  3.10994  2.52828  2.18106  4.10405  2.90135  3.29252  3.01228  2.75955  2.71504  2.90724  3.03725  3.19329  4.01811    115 l - - -
          2.68618  4.42225  2.77519  2.73123  3.46354  2.40513  3.72494  3.29354  2.67741  2.69355  4.24690  2.90347  2.73739  3.18146  2.89801  2.37887  2.77519  2.98518  4.58477  3.61503
          0.01754  5.29330  4.39320  0.61958  0.77255  1.11817  0.39583
     43   2.64895  4.84982  2.82839  2.21943  3.99702  3.46803  3.71508  3.26425  2.22218  3.04902  4.51368  2.77432  2.84175  2.85161  2.76901  2.50677  2.68259  3.17692  4.25057  3.58548    116 e - - -
          2.68618  4.42225  2.77519  2.73123  3.46354  2.40513  3.72494  3.29354  2.67741  2.69355  4.24690  2.90347  2.73739  3.18146  2.89801  2.37887  2.77519  2.98518  4.58477  3.61503
          0.02999  5.30715  3.70561  0.61958  0.77255  0.67705  0.70951
     44   2.78577  5.16495  2.66680  2.38971  3.57653  3.00863  3.67722  3.52218  2.26799  3.00011  4.24353  2.59547  2.67257  2.91565  2.78818  2.39402  2.90577  3.31739  4.71182  3.86021    117 k - - -
          2.68618  4.42225  2.77519  2.73123  3.46354  2.40513  3.72494  3.29354  2.67741  2.69355  4.24690  2.90347  2.73739  3.18146  2.89801  2.37887  2.77519  2.98518  4.58477  3.61503
          0.10827  5.39918  2.32179  0.61958  0.77255  0.98634  0.46671
     45   2.78473  4.47071  2.79529  2.32299  3.40260  3.24433  3.51703  3.46972  2.13565  2.98585  4.15242  2.88524  3.05955  2.77496  2.69014  2.43702  2.58837  3.48119  5.43676  3.93266    118 k - - -
          2.68618  4.42225  2.77519  2.73123  3.46354  2.40513  3.72494  3.29354  2.67741  2.69355  4.24690  2.90347  2.73739  3.18146  2.89801  2.37887  2.77519  2.98518  4.58477  3.61503
          0.01925  5.30679  4.26115  0.61958  0.77255  1.13407  0.38820
     46   2.67977  4.85002  2.81067  2.45235  4.01211  3.18727  3.67282  3.91885  2.11919  3.69043  4.27045  2.85070  2.78662  2.70229  2.59458  2.16840  2.40873  3.68096  5.05992  4.09672    119 k - - -
          2.68618  4.42225  2.77519  2.73123  3.46354  2.40513  3.72494  3.29354  2.67741  2.69355  4.24690  2.90347  2.73739  3.18146  2.89801  2.37887  2.77519  2.98518  4.58477  3.61503
          0.04986  5.31141  3.13032  0.61958  0.77255  0.33959  1.24501
     47   2.71243  5.12181  2.71004  2.53966  3.60662  3.35161  3.29469  3.49779  2.18054  2.99621  4.22164  2.60304  2.92909  2.68741  2.87655  2.64213  2.76148  3.19399  3.90261  3.58984    120 k - - -
          2.68648  4.42247  2.77505  2.73108  3.46342  2.40536  3.72510  3.29341  2.67715  2.69315  4.24729  2.90348  2.73764  3.18113  2.89806  2.37913  2.77529  2.98530  4.58244  3.61497
          1.24862  0.85743  1.24186  0.68888  0.69743  0.80479  0.59273
     48   2.61682  5.32520  2.91833  2.54225  3.86577  3.45668  3.57390  3.48054  2.22104  3.05110  4.03238  2.73810  3.23787  2.78040  2.78820  2.41304  2.63775  3.19323  3.10852  3.49746    127 k - - -
          2.68618  4.42225  2.77519  2.73123  3.46354  2.40513  3.72494  3.29354  2.67741  2.69355  4.24690  2.90347  2.73739  3.18146  2.89801  2.37887  2.77519  2.98518  4.58477  3.61503
          0.00871  5.14335  5.86570  0.61958  0.77255  0.28510  1.39408
     49   2.90552  4.55997  2.97378  2.57139  3.66165  3.39791  3.57934  3.73460  2.25841  2.72678  3.73529  2.71355  2.79674  2.77188  2.64841  2.36802  2.65441  3.12660  4.89558  3.62740    128 k - - -
          2.68639  4.42230  2.77547  2.73161  3.46374  2.40532  3.72517  3.29361  2.67685  2.69357  4.24719  2.90358  2.73677  3.18169  2.89761  2.37869  2.77494  2.98546  4.58458  3.61539
          1.39653  1.03974  0.91880  1.00312  0.45686  0.73355  0.65432
     50   2.71474  4.43280  2.96192  2.45963  3.74538  3.22551  2.82933  4.07735  2.42286  3.25668  4.35201  2.23476  3.84570  2.85417  2.75107  2.26411  2.66835  3.51641  5.21265  3.05795    139 n - - -
          2.68618  4.42225  2.77519  2.73123  3.46354  2.40513  3.72494  3.29354  2.67741  2.69355  4.24690  2.90347  2.73739  3.18146  2.89801  2.37887  2.77519  2.98518  4.58477  3.61503
          0.01373  4.99604  4.98070  0.61958  0.77255  1.15961  0.37631
     51   2.51714  4.11500  3.33351  2.97215  3.36716  3.62414  3.27022  3.14737  2.55503  2.60780  3.41686  3.41229  3.93267  3.02566  3.03786  1.95016  2.75181  2.79926  4.72771  2.73315    140 s - - -
          2.68618  4.42225  2.77519  2.73123  3.46354  2.40513  3.72494  3.29354  2.67741  2.69355  4.24690  2.90347  2.73739  3.18146  2.89801  2.37887  2.77519  2.98518  4.58477  3.61503
          0.00896  5.11551  5.83786  0.61958  0.77255  0.42730  1.05633
     52   2.80131  3.87658  3.95113  3.29524  2.91439  3.97206  3.35204  3.23595  2.44587  2.55322  3.79375  3.35613  4.46515  3.52638  1.83472  2.97288  3.10140  2.18115  5.44384  2.53783    141 r - - -
          2.68618  4.42225  2.77519  2.73123  3.46354  2.40513  3.72494  3.29354  2.67741  2.69355  4.24690  2.90347  2.73739  3.18146  2.89801  2.37887  2.77519  2.98518  4.58477  3.61503
          0.00650  5.43564  6.15798  0.61958  0.77255  0.30634  1.33233
     53   4.10307  4.69409  6.18466  5.65420  3.89834  5.57267  6.08017  1.27619  5.53420  1.53254  3.22883  5.74362  5.79393  5.65045  5.58465  4.95706  4.34493  1.01279  6.36883  5.23629    142 v - - -
          2.68622  4.42229  2.77524  2.73128  3.46358  2.40512  3.72499  3.29352  2.67736  2.69349  4.24678  2.90348  2.73744  3.18151  2.89783  2.37891  2.77520  2.98519  4.58459  3.61499
          0.01864  4.09940  6.27635  1.10592  0.40183  0.46651  0.98668
     54   3.75891  0.29783  5.63765  5.31218  3.12689  4.57997  5.10910  4.19325  4.98437  3.83031  4.90161  5.01512  5.23576  5.19936  4.53567  3.79233  4.18458  3.95068  5.44473  3.68836    148 C - - -
          2.68618  4.42225  2.77519  2.73123  3.46354  2.40513  3.72494  3.29354  2.67741  2.69355  4.24690  2.90347  2.73739  3.18146  2.89801  2.37887  2.77519  2.98518  4.58477  3.61503
          0.00573  5.56052  6.28286  0.61958  0.77255  0.48576  0.95510
     55   2.67007  4.83204  3.12468  2.16123  4.42282  3.23652  3.38130  3.85446  2.85953  3.75541  4.51573  2.91239  4.05328  2.83450  3.24284  1.16441  3.23759  3.71185  5.41455  4.14931    149 s - - -
          2.68618  4.42225  2.77519  2.73123  3.46354  2.40513  3.72494  3.29354  2.67741  2.69355  4.24690  2.90347  2.73739  3.18146  2.89801  2.37887  2.77519  2.98518  4.58477  3.61503
          0.00573  5.56052  6.28286  0.61958  0.77255  0.48576  0.95510
     56   2.48989  4.97641  2.42424  2.11081  4.68713  3.35274  3.73142  3.94781  2.04926  2.67092  3.95909  2.91493  4.31732  2.98973  2.16045  2.97513  3.05003  3.17212  5.41127  4.01494    150 k - - -
          2.68618  4.42225  2.77519  2.73123  3.46354  2.40513  3.72494  3.29354  2.67741  2.69355  4.24690  2.90347  2.73739  3.18146  2.89801  2.37887  2.77519  2.98518  4.58477  3.61503
          0.00573  5.56052  6.28286  0.61958  0.77255  0.48576  0.95510
     57   5.01451  6.98198  3.18187  4.17586  5.69297  4.97923  0.13788  6.46008  4.98004  5.78658  6.88475  4.72452  5.67894  5.12228  5.42506  4.93358  5.39003  6.02311  7.01505  5.56249    151 H - - -
          2.68618  4.42225  2.77519  2.73123  3.46354  2.40513  3.72494  3.29354  2.67741  2.69355  4.24690  2.90347  2.73739  3.18146  2.89801  2.37887  2.77519  2.98518  4.58477  3.61503
          0.00573  5.56052  6.28286  0.61958  0.77255  0.48576  0.95510
     58   5.31705  6.40866  6.43616  6.37188  0.16212  5.90729  4.99373  3.82795  6.17505  3.54041  5.02980  5.77174  6.24065  5.88419  5.98384  5.46094  5.59705  4.55914  5.05756  3.33088    152 F - - -
          2.68618  4.42225  2.77519  2.73123  3.46354  2.40513  3.72494  3.29354  2.67741  2.69355  4.24690  2.90347  2.73739  3.18146  2.89801  2.37887  2.77519  2.98518  4.58477  3.61503
          0.45658  5.56052  1.01415  0.61958  0.77255  0.48576  0.95510
     59   2.66279  4.99374  2.65757  1.73562  4.77501  3.50549  3.70158  3.92784  2.22065  3.43632  4.47230  2.89117  3.93445  2.77459  2.68706  2.36766  2.30825  3.54204  5.86477  4.45463    153 e - - -
          2.68618  4.42225  2.77519  2.73123  3.46354  2.40513  3.72494  3.29354  2.67741  2.69355  4.24690  2.90347  2.73739  3.18146  2.89801  2.37887  2.77519  2.98518  4.58477  3.61503
          0.09841  5.11291  2.43380  0.61958  0.77255  1.47807  0.25887
     60   2.51546  5.07758  2.49318  1.98474  4.73728  3.49994  3.85031  4.22180  2.28971  3.41068  4.12681  2.83368  2.18226  2.71690  2.88527  2.54123  2.89542  3.68977  5.82820  4.41850    154 e - - -
          2.68618  4.42225  2.77519  2.73123  3.46354  2.40513  3.72494  3.29354  2.67741  2.69355  4.24690  2.90347  2.73739  3.18146  2.89801  2.37887  2.77519  2.98518  4.58477  3.61503
          0.01880  5.03099  4.41558  0.61958  0.77255  1.59450  0.22691
     61   2.72171  5.39331  2.00179  1.94611  4.47261  3.35303  3.44652  4.06159  2.44690  3.69823  4.43419  2.67811  4.05216  2.66298  2.67960  2.30250  2.79128  3.64587  5.24476  4.13709    155 e - - -
          2.68701  4.41410  2.77386  2.73120  3.45880  2.40597  3.72562  3.29268  2.67745  2.69370  4.24703  2.90437  2.73842  3.18186  2.89770  2.37961  2.77589  2.98547  4.58507  3.61335
          1.35212  0.30367  5.74438  1.73932  0.19315  1.56173  0.23543
     62   2.68188  3.68878  3.06938  2.83142  3.03579  2.75405  3.86238  2.61434  2.62894  2.53041  3.68611  2.90152  3.50202  2.91482  2.88698  2.68594  2.68991  2.94057  5.42942  3.50348    176 l - - -
          2.68618  4.42225  2.77519  2.73123  3.46354  2.40513  3.72494  3.29354  2.67741  2.69355  4.24690  2.90347  2.73739  3.18146  2.89801  2.37887  2.77519  2.98518  4.58477  3.61503
          0.00975  5.03099  5.75334  0.61958  0.77255  1.39733  0.28403
     63   2.71655  4.50322  2.69575  2.29696  3.65679  2.96730  3.65452  3.20980  2.32608  2.91542  3.98234  2.57704  3.74461  2.84946  2.60252  2.68310  2.72782  3.34866  4.46810  3.54554    177 e - - -
          2.68618  4.42225  2.77519  2.73123  3.46354  2.40513  3.72494  3.29354  2.67741  2.69355  4.24690  2.90347  2.73739  3.18146  2.89801  2.37887  2.77519  2.98518  4.58477  3.61503
          0.00932  5.07606  5.79841  0.61958  0.77255  0.92446  0.50542
     64   2.67113  4.84496  2.78590  2.39756  4.15254  2.40659  3.48800  3.59145  2.01270  3.04727  4.11398  2.81074  3.45670  2.70971  2.66844  2.53847  3.03446  3.30679  5.34897  4.35561    178 k - - -
          2.68618  4.42225  2.77519  2.73123  3.46354  2.40513  3.72494  3.29354  2.67741  2.69355  4.24690  2.90347  2.73739  3.18146  2.89801  2.37887  2.77519  2.98518  4.58477  3.61503
          0.49331  5.23774  0.95688  0.61958  0.77255  0.59019  0.80794
     65   2.62871  5.03524  2.56271  2.15619  4.45109  3.35043  3.43000  3.61799  2.18913  3.35297  4.13774  2.72511  3.25744  2.78519  2.55547  2.58660  2.49617  3.25392  5.82244  4.08084    179 e - - -
          2.68618  4.42225  2.77519  2.73123  3.46354  2.40513  3.72494  3.29354  2.67741  2.69355  4.24690  2.90347  2.73739  3.18146  2.89801  2.37887  2.77519  2.98518  4.58477  3.61503
          0.03382  5.03019  3.62263  0.61958  0.77255  0.98218  0.46919
     66   2.78183  4.58235  2.51054  2.08715  4.29035  2.98180  3.63785  3.35489  2.18395  3.23609  4.33119  3.05743  2.95266  2.69724  2.76388  2.46066  2.98640  3.21568  5.47850  3.81247    180 e - - -
          2.68618  4.42225  2.77519  2.73123  3.46354  2.40513  3.72494  3.29354  2.67741  2.69355  4.24690  2.90347  2.73739  3.18146  2.89801  2.37887  2.77519  2.98518  4.58477  3.61503
          0.18400  5.17479  1.81765  0.61958  0.77255  1.21889  0.35035
     67   2.73058  3.92503  2.09732  2.26383  3.58174  3.59979  3.42724  3.53552  2.35781  3.24744  4.04000  3.01144  3.36113  2.81257  2.71708  2.54230  2.95486  3.16712  5.77252  3.36906    181 d - - -
          2.68618  4.42225  2.77519  2.73123  3.46354  2.40513  3.72494  3.29354  2.67741  2.69355  4.24690  2.90347  2.73739  3.18146  2.89801  2.37887  2.77519  2.98518  4.58477  3.61503
          0.01200  5.05180  5.19824  0.61958  0.77255  1.30417  0.31663
     68   2.77382  3.61736  2.69563  2.34826  2.73987  3.70410  3.51371  3.03442  2.56349  2.93390  3.75690  2.99549  3.97561  2.97924  2.85188  2.56508  2.72731  3.08228  5.18497  2.88403    182 e - - -
          2.68618  4.42225  2.77519  2.73123  3.46354  2.40513  3.72494  3.29354  2.67741  2.69355  4.24690  2.90347  2.73739  3.18146  2.89801  2.37887  2.77519  2.98518  4.58477  3.61503
          0.07587  5.11174  2.70244  0.61958  0.77255  1.29705  0.31929
     69   2.79500  3.61872  2.97334  2.47524  2.78809  3.19922  3.51778  2.77134  2.56822  2.86801  3.36018  2.98875  3.52343  2.90552  3.00588  2.74602  2.83128  2.76698  5.52166  3.21962    183 e - - -
          2.68618  4.42225  2.77519  2.73123  3.46354  2.40513  3.72494  3.29354  2.67741  2.69355  4.24690  2.90347  2.73739  3.18146  2.89801  2.37887  2.77519  2.98518  4.58477  3.61503
          0.03725  5.09385  3.49233  0.61958  0.77255  1.42341  0.27561
     70   2.77085  4.00680  2.65651  2.25700  3.31914  3.08518  3.61309  3.36985  2.10514  3.59610  3.84104  2.76867  3.50807  2.74747  2.66437  2.47985  2.86335  3.30035  5.82045  3.76183    184 k - - -
          2.68618  4.42225  2.77519  2.73123  3.46354  2.40513  3.72494  3.29354  2.67741  2.69355  4.24690  2.90347  2.73739  3.18146  2.89801  2.37887  2.77519  2.98518  4.58477  3.61503
          0.01272  5.08878  5.04029  0.61958  0.77255  1.38517  0.28806
     71   2.73797  4.53144  3.11570  2.54384  3.42918  3.11080  3.49862  3.00922  2.61843  2.96961  3.12505  2.75934  3.15714  2.91136  2.45597  2.51494  2.76562  2.83904  5.14688  3.78400    185 r - - -
          2.68618  4.42225  2.77519  2.73123  3.46354  2.40513  3.72494  3.29354  2.67741  2.69355  4.24690  2.90347  2.73739  3.18146  2.89801  2.37887  2.77519  2.98518  4.58477  3.61503
          0.01430  5.11732  4.80304  0.61958  0.77255  1.39420  0.28506
     72   2.57720  4.27602  2.96536  2.48124  3.89541  2.95867  3.80314  3.96918  2.33983  3.18947  4.05947  2.59798  2.95645  2.73122  2.65537  2.12988  2.56409  3.54330  5.84426  4.06102    186 s - - -
          2.68618  4.42225  2.77519  2.73123  3.46354  2.40513  3.72494  3.29354  2.67741  2.69355  4.24690  2.90347  2.73739  3.18146  2.89801  2.37887  2.77519  2.98518  4.58477  3.61503
          0.00879  5.13440  5.85674  0.61958  0.77255  1.25137  0.33703
     73   2.55447  4.79886  2.94444  2.56990  3.69016  2.78867  3.55926  3.68054  2.34704  3.04243  4.10278  2.72182  3.51590  2.83082  2.55895  2.53859  2.88858  2.92585  4.13467  3.02149    187 k - - -
          2.68618  4.42225  2.77519  2.73123  3.46354  2.40513  3.72494  3.29354  2.67741  2.69355  4.24690  2.90347  2.73739  3.18146  2.89801  2.37887  2.77519  2.98518  4.58477  3.61503
          0.00837  5.18316  5.90551  0.61958  0.77255  1.27273  0.32860
     74   2.75740  4.80245  2.71987  2.45182  4.03938  2.64945  3.38869  3.54610  2.03896  2.99836  3.98461  2.68977  3.59127  2.71780  2.60354  2.56334  2.82376  3.56035  5.89565  3.74256    188 k - - -
          2.68618  4.42225  2.77519  2.73123  3.46354  2.40513  3.72494  3.29354  2.67741  2.69355  4.24690  2.90347  2.73739  3.18146  2.89801  2.37887  2.77519  2.98518  4.58477  3.61503
          0.00813  5.21216  5.93450  0.61958  0.77255  0.51914  0.90394
     75   2.91214  5.49085  3.20940  2.67931  4.22562  3.16403  3.59344  3.26241  2.03841  3.07078  3.55714  2.93194  3.89457  2.74880  1.74102  2.71559  2.95911  3.11701  5.04791  3.77317    189 r - - -
          2.68618  4.42225  2.77519  2.73123  3.46354  2.40513  3.72494  3.29354  2.67741  2.69355  4.24690  2.90347  2.73739  3.18146  2.89801  2.37887  2.77519  2.98518  4.58477  3.61503
          0.03500  5.42903  3.50637  0.61958  0.77255  0.71077  0.67583
     76   2.83330  4.98201  2.94654  2.72295  3.95639  3.29607  3.83353  3.47955  2.05551  3.12658  3.85844  2.91208  3.27223  2.95524  1.88512  2.80969  2.83982  3.01226  3.74112  3.62011    190 r - - -
          2.68618  4.42225  2.77519  2.73123  3.46354  2.40513  3.72494  3.29354  2.67741  2.69355  4.24690  2.90347  2.73739  3.18146  2.89801  2.37887  2.77519  2.98518  4.58477  3.61503
          0.20317  5.44148  1.71743  0.61958  0.77255  0.59852  0.79767
     77   2.95443  4.53030  3.36359  2.67846  3.63007  3.18212  3.74772  3.19987  2.23804  2.70886  3.61665  3.09192  4.25524  2.76714  1.95719  2.58512  2.82687  2.79841  5.13050  3.31795    191 r - - -
          2.68618  4.42225  2.77519  2.73123  3.46354  2.40513  3.72494  3.29354  2.67741  2.69355  4.24690  2.90347  2.73739  3.18146  2.89801  2.37887  2.77519  2.98518  4.58477  3.61503
          0.00737  5.31034  6.03269  0.61958  0.77255  0.23992  1.54502
     78   3.23945  4.42507  5.07822  4.19459  3.20996  4.39600  4.72245  2.69616  4.28156  0.61393  3.56866  4.51640  3.94652  3.95528  4.05049  3.70231  3.20067  2.80038  5.25066  4.07416    192 L - - -
          2.68618  4.42225  2.77519  2.73123  3.46354  2.40513  3.72494  3.29354  2.67741  2.69355  4.24690  2.90347  2.73739  3.18146  2.89801  2.37887  2.77519  2.98518  4.58477  3.61503
          0.00580  5.54794  6.27029  0.61958  0.77255  0.51471  0.91049
     79   2.91930  5.15297  3.30858  2.72111  4.30749  3.93176  3.54263  3.57664  1.36816  2.80879  4.12661  2.80556  4.19311  2.92653  2.10989  2.71455  3.08947  3.36895  5.53993  4.11139    193 k - - -
          2.68620  4.42227  2.77521  2.73125  3.46350  2.40514  3.72496  3.29356  2.67736  2.69343  4.24691  2.90348  2.73741  3.18148  2.89802  2.37889  2.77521  2.98513  4.58479  3.61505
          0.02285  4.06649  5.21111  0.64817  0.74025  0.46065  0.99661
     80   2.73831  4.88856  2.85249  2.30045  4.56868  3.33069  3.62482  3.65419  2.09766  3.12182  4.45060  2.99166  1.88376  2.87383  2.75799  2.52563  3.19942  3.63914  5.03046  4.07571    196 p - - -
          2.68618  4.42225  2.77519  2.73123  3.46354  2.40513  3.72494  3.29354  2.67741  2.69355  4.24690  2.90347  2.73739  3.18146  2.89801  2.37887  2.77519  2.98518  4.58477  3.61503
          0.00577  5.55370  6.27604  0.61958  0.77255  0.50310  0.92799
     81   3.11937  5.63226  1.90386  2.34276  4.22294  1.91441  3.86732  4.28464  2.76650  3.82783  4.40824  2.23549  4.31419  3.13953  3.22878  2.73807  2.44950  3.80875  3.70721  4.37347    197 d - - -
          2.68618  4.42225  2.77519  2.73123  3.46354  2.40513  3.72494  3.29354  2.67741  2.69355  4.24690  2.90347  2.73739  3.18146  2.89801  2.37887  2.77519  2.98518  4.58477  3.61503
          0.00577  5.55370  6.27604  0.61958  0.77255  0.50310  0.92799
     82   0.77971  4.76102  4.44760  3.87152  3.79121  4.12584  4.56270  3.17233  3.78377  2.96907  3.88096  4.16099  4.64188  3.68739  4.03622  2.55848  3.18077  2.36208  4.23048  3.96790    198 a - - -
          2.68620  4.42227  2.77514  2.73125  3.46356  2.40514  3.72486  3.29350  2.67742  2.69357  4.24691  2.90344  2.73741  3.18148  2.89798  2.37888  2.77521  2.98515  4.58455  3.61505
          0.01217  4.58344  6.27604  0.85203  0.55608  0.47507  0.97244
     83   3.02557  4.09474  5.18705  4.57173  3.45427  4.24375  4.72647  1.60323  4.06349  2.44602  3.11674  4.40808  4.75657  4.48786  4.00477  3.54461  3.15916  1.02004  4.57906  3.80532    203 v - - -
          2.68618  4.42225  2.77520  2.73124  3.46354  2.40513  3.72495  3.29354  2.67741  2.69355  4.24690  2.90347  2.73735  3.18147  2.89801  2.37887  2.77520  2.98519  4.58477  3.61493
          0.00981  4.84278  6.27960  0.63154  0.75880  0.48576  0.95510
     84   3.71483  5.58051  5.15887  5.09296  5.52914  4.37690  5.95408  4.95376  4.96771  3.37535  5.69235  4.99285  0.20342  5.36996  5.09835  3.92940  3.83828  4.53856  7.03629  5.80306    206 P - - -
          2.68618  4.42225  2.77519  2.73123  3.46354  2.40513  3.72494  3.29354  2.67741  2.69355  4.24690  2.90347  2.73739  3.18146  2.89801  2.37887  2.77519  2.98518  4.58477  3.61503
          0.00575  5.55726  6.27960  0.61958  0.77255  0.48576  0.95510
     85   3.19020  3.51481  4.06728  3.42610  3.78655  4.16956  4.04013  3.15364  3.19824  3.07872  3.84147  3.63171  4.54891  3.54154  3.44805  1.86630  1.09145  2.93682  5.15015  3.66421    207 t - - -
          2.68618  4.42225  2.77519  2.73123  3.46354  2.40513  3.72494  3.29354  2.67741  2.69355  4.24690  2.90347  2.73739  3.18146  2.89801  2.37887  2.77519  2.98518  4.58477  3.61503
          0.00575  5.55726  6.27960  0.61958  0.77255  0.48576  0.95510
     86   3.14752  4.43774  4.81001  3.97870  3.37667  4.37704  4.23490  1.42338  3.78964  1.30414  3.44546  4.27128  3.96972  4.29325  3.73456  3.43287  3.19509  2.12293  5.23474  3.83016    208 l - - -
          2.68618  4.42225  2.77519  2.73123  3.46354  2.40513  3.72494  3.29354  2.67741  2.69355  4.24690  2.90347  2.73739  3.18146  2.89801  2.37887  2.77519  2.98518  4.58477  3.61503
          0.00575  5.55726  6.27960  0.61958  0.77255  0.48576  0.95510
     87   3.15680  5.06852  3.31705  2.67165  1.31926  3.80191  2.92213  3.72648  2.66254  3.49792  3.89004  2.36422  3.91770  3.12176  2.96396  3.11743  3.23679  3.61915  4.99269  3.47505    209 f - - -
          2.68618  4.42225  2.77519  2.73123  3.46354  2.40513  3.72494  3.29354  2.67741  2.69355  4.24690  2.90347  2.73739  3.18146  2.89801  2.37887  2.77519  2.98518  4.58477  3.61503
          0.00387  5.55538        *  0.61958  0.77255  0.00000        *
//
