HMMER3/f [3.3 | Nov 2019]
NAME  Transposase_1
ACC   PF01359.24
DESC  Transposase (partial DDE domain)
LENG  80
ALPH  amino
RF    no
MM    no
CONS  yes
CS    no
MAP   yes
DATE  Thu Sep 26 03:37:31 2024
NSEQ  21
EFFN  3.094116
CKSUM 804530110
GA    24 24;
TC    24 24;
NC    23.9 23.9;
BM    hmmbuild HMM.ann SEED.ann
SM    hmmsearch -Z 81514348 -E 1000 --cpu 4 HMM pfamseq
STATS LOCAL MSV       -9.2767  0.71856
STATS LOCAL VITERBI   -9.5698  0.71856
STATS LOCAL FORWARD   -4.3186  0.71856
HMM          A        C        D        E        F        G        H        I        K        L        M        N        P        Q        R        S        T        V        W        Y   
            m->m     m->i     m->d     i->m     i->i     d->m     d->d
  COMPO   2.66822  4.45220  3.02437  2.60432  3.61719  3.16940  3.55217  3.07106  2.36592  2.49891  3.61409  3.08400  3.37497  2.87130  2.87836  2.68525  2.85420  2.74123  3.52632  3.29755
          2.68618  4.42225  2.77519  2.73123  3.46354  2.40513  3.72494  3.29354  2.67741  2.69355  4.24690  2.90347  2.73739  3.18146  2.89801  2.37887  2.77519  2.98518  4.58477  3.61503
          0.05572  4.95118  3.05497  0.61958  0.77255  0.00000        *
      1   2.85507  4.44804  2.82408  2.87239  3.12420  3.89325  3.27522  2.51980  3.33220  1.63175  2.88016  3.73541  4.26804  3.60250  3.61783  2.82418  3.08695  2.49859  5.04586  2.82764      1 l - - -
          2.68618  4.42225  2.77519  2.73123  3.46354  2.40513  3.72494  3.29354  2.67741  2.69355  4.24690  2.90347  2.73739  3.18146  2.89801  2.37887  2.77519  2.98518  4.58477  3.61503
          0.01105  4.90651  5.62886  0.61958  0.77255  0.42216  1.06604
      2   2.87989  3.21114  4.26745  3.68463  3.00627  3.96595  4.26856  2.83637  3.57659  2.58036  2.97568  3.92070  2.36064  3.80890  3.78212  2.33970  2.64432  2.63867  4.98953  1.80899      2 y - - -
          2.68618  4.42225  2.77519  2.73123  3.46354  2.40513  3.72494  3.29354  2.67741  2.69355  4.24690  2.90347  2.73739  3.18146  2.89801  2.37887  2.77519  2.98518  4.58477  3.61503
          0.01057  4.95118  5.67353  0.61958  0.77255  0.48576  0.95510
      3   2.59727  5.36883  2.15699  1.64186  4.70353  3.63923  3.83972  4.18389  2.43096  3.67016  4.41425  2.83896  4.04096  2.94096  3.07923  2.28839  2.79480  2.79271  5.80795  4.40009      3 e - - -
          2.68618  4.42225  2.77519  2.73123  3.46354  2.40513  3.72494  3.29354  2.67741  2.69355  4.24690  2.90347  2.73739  3.18146  2.89801  2.37887  2.77519  2.98518  4.58477  3.61503
          0.01057  4.95118  5.67353  0.61958  0.77255  0.48576  0.95510
      4   2.95936  5.26812  3.11542  2.43245  4.55745  3.69439  3.95934  4.00567  2.75525  3.56967  4.36661  1.24239  4.12985  3.09617  3.23192  2.58219  2.31267  3.64234  5.77032  3.21080      4 n - - -
          2.68618  4.42225  2.77519  2.73123  3.46354  2.40513  3.72494  3.29354  2.67741  2.69355  4.24690  2.90347  2.73739  3.18146  2.89801  2.37887  2.77519  2.98518  4.58477  3.61503
          0.01057  4.95118  5.67353  0.61958  0.77255  0.48576  0.95510
      5   2.88569  5.39306  2.37475  2.56445  4.73894  3.64510  2.15188  4.22286  1.79963  3.69596  4.43533  2.54721  2.97852  2.65088  2.78206  2.84642  3.11671  3.78453  5.82189  4.41376      5 k - - -
          2.68618  4.42225  2.77519  2.73123  3.46354  2.40513  3.72494  3.29354  2.67741  2.69355  4.24690  2.90347  2.73739  3.18146  2.89801  2.37887  2.77519  2.98518  4.58477  3.61503
          0.01057  4.95118  5.67353  0.61958  0.77255  0.48576  0.95510
      6   2.86565  3.84644  3.15351  2.59560  4.59430  3.65274  2.82863  4.05421  2.02232  3.57229  4.33385  2.55479  4.04469  2.24065  2.54915  2.84622  2.34232  2.68378  5.73546  4.35025      6 k - - -
          2.68618  4.42225  2.77519  2.73123  3.46354  2.40513  3.72494  3.29354  2.67741  2.69355  4.24690  2.90347  2.73739  3.18146  2.89801  2.37887  2.77519  2.98518  4.58477  3.61503
          0.01057  4.95118  5.67353  0.61958  0.77255  0.48576  0.95510
      7   2.86659  3.28438  2.74930  2.19486  4.65482  3.64486  3.34410  4.12604  2.56763  3.62373  4.37386  3.12021  4.03824  2.07443  1.71708  2.83798  3.09722  3.19977  5.76966  4.37319      7 r - - -
          2.68618  4.42225  2.77519  2.73123  3.46354  2.40513  3.72494  3.29354  2.67741  2.69355  4.24690  2.90347  2.73739  3.18146  2.89801  2.37887  2.77519  2.98518  4.58477  3.61503
          0.01057  4.95118  5.67353  0.61958  0.77255  0.48576  0.95510
      8   2.88543  5.37260  3.14113  2.58295  4.71839  3.65564  3.83341  4.19504  1.78211  3.67293  4.41652  2.69877  3.35744  2.55492  2.26472  1.93959  2.55588  3.76439  5.80090  4.40323      8 k - - -
          2.68618  4.42225  2.77519  2.73123  3.46354  2.40513  3.72494  3.29354  2.67741  2.69355  4.24690  2.90347  2.73739  3.18146  2.89801  2.37887  2.77519  2.98518  4.58477  3.61503
          0.01057  4.95118  5.67353  0.61958  0.77255  0.48576  0.95510
      9   1.80762  5.15630  3.22558  2.66728  4.43225  3.01890  3.87961  3.86415  2.03656  3.43489  2.63486  3.19409  4.07276  3.01121  2.40532  2.51692  2.83122  3.51168  5.64560  4.29254      9 a - - -
          2.68618  4.42225  2.77519  2.73123  3.46354  2.40513  3.72494  3.29354  2.67741  2.69355  4.24690  2.90347  2.73739  3.18146  2.89801  2.37887  2.77519  2.98518  4.58477  3.61503
          0.01057  4.95118  5.67353  0.61958  0.77255  0.48576  0.95510
     10   3.00079  5.34437  3.31500  2.74457  4.67732  3.76530  3.91135  4.10941  2.23987  3.62467  4.41066  3.26143  4.15428  1.24169  2.60344  2.29816  3.22244  2.83836  5.77483  4.43779     10 q - - -
          2.68618  4.42225  2.77519  2.73123  3.46354  2.40513  3.72494  3.29354  2.67741  2.69355  4.24690  2.90347  2.73739  3.18146  2.89801  2.37887  2.77519  2.98518  4.58477  3.61503
          0.01057  4.95118  5.67353  0.61958  0.77255  0.48576  0.95510
     11   3.75756  5.24885  4.88227  4.28531  3.22005  4.58308  4.35367  3.64853  3.49365  2.41703  4.23168  4.41066  4.95287  4.13979  2.85239  3.99003  3.98240  3.55038  0.63606  3.24892     11 W - - -
          2.68623  4.42230  2.77525  2.73128  3.46359  2.40518  3.72419  3.29359  2.67697  2.69360  4.24695  2.90352  2.73745  3.18151  2.89806  2.37892  2.77525  2.98523  4.58482  3.61508
          0.15796  1.94718  5.67353  0.17687  1.81945  0.48576  0.95510
     12   2.90737  4.36952  4.41379  3.82430  3.47476  4.02043  2.90016  2.31658  3.01198  1.86476  3.48209  4.01632  4.38768  3.90826  3.84800  3.31070  2.80416  1.33423  4.99229  3.80204     13 v - - -
          2.68618  4.42225  2.77519  2.73123  3.46354  2.40513  3.72494  3.29354  2.67741  2.69355  4.24690  2.90347  2.73739  3.18146  2.89801  2.37887  2.77519  2.98518  4.58477  3.61503
          0.01057  4.95118  5.67353  0.61958  0.77255  0.48576  0.95510
     13   2.63814  5.34931  1.61515  2.56303  3.66804  3.22012  3.83035  4.16058  2.16561  3.64943  4.39398  3.10976  2.68087  2.62543  2.76321  2.83325  3.09793  3.73385  5.78878  4.38457     14 d - - -
          2.68618  4.42225  2.77519  2.73123  3.46354  2.40513  3.72494  3.29354  2.67741  2.69355  4.24690  2.90347  2.73739  3.18146  2.89801  2.37887  2.77519  2.98518  4.58477  3.61503
          0.01057  4.95118  5.67353  0.61958  0.77255  0.48576  0.95510
     14   1.86204  5.31745  3.13951  2.21904  4.64180  3.07103  3.83513  3.37023  1.96733  3.61229  4.36554  3.12614  2.99015  2.93998  2.25232  2.84197  3.09875  3.69730  5.76210  4.36926     15 a - - -
          2.68618  4.42225  2.77519  2.73123  3.46354  2.40513  3.72494  3.29354  2.67741  2.69355  4.24690  2.90347  2.73739  3.18146  2.89801  2.37887  2.77519  2.98518  4.58477  3.61503
          0.01057  4.95118  5.67353  0.61958  0.77255  0.48576  0.95510
     15   2.97805  5.47698  2.06237  2.19972  4.81561  1.58211  3.92538  4.30105  2.70505  3.78691  4.54150  3.13738  4.10630  3.03519  2.82490  2.36040  2.75490  3.86879  5.92727  4.50749     16 g - - -
          2.68618  4.42225  2.77519  2.73123  3.46354  2.40513  3.72494  3.29354  2.67741  2.69355  4.24690  2.90347  2.73739  3.18146  2.89801  2.37887  2.77519  2.98518  4.58477  3.61503
          0.01057  4.95118  5.67353  0.61958  0.77255  0.48576  0.95510
     16   2.29105  5.35303  3.12168  1.57542  4.68658  3.64871  3.83775  4.16086  1.99199  3.00976  4.39886  3.12169  2.93000  2.45341  3.04994  2.84705  3.10990  3.73787  5.79058  4.39151     17 e - - -
          2.68618  4.42225  2.77519  2.73123  3.46354  2.40513  3.72494  3.29354  2.67741  2.69355  4.24690  2.90347  2.73739  3.18146  2.89801  2.37887  2.77519  2.98518  4.58477  3.61503
          0.01057  4.95118  5.67353  0.61958  0.77255  0.48576  0.95510
     17   2.50764  5.32215  3.11901  2.24391  4.64586  3.64682  3.44519  4.11449  2.59339  3.62026  4.37510  3.12653  2.17437  2.01269  3.08020  2.63373  2.15310  3.70268  5.77361  4.37814     18 q - - -
          2.68618  4.42225  2.77519  2.73123  3.46354  2.40513  3.72494  3.29354  2.67741  2.69355  4.24690  2.90347  2.73739  3.18146  2.89801  2.37887  2.77519  2.98518  4.58477  3.61503
          0.05349  4.95118  3.10086  0.61958  0.77255  0.48576  0.95510
     18   1.71403  4.90583  3.51040  3.01222  4.42955  3.64125  4.16509  3.83594  3.00607  3.47146  4.29715  3.44883  1.42173  2.59946  3.43001  2.58463  3.16988  2.96258  5.73114  4.43657     19 p - - -
          2.68618  4.42225  2.77519  2.73123  3.46354  2.40513  3.72494  3.29354  2.67741  2.69355  4.24690  2.90347  2.73739  3.18146  2.89801  2.37887  2.77519  2.98518  4.58477  3.61503
          0.01103  4.90872  5.63107  0.61958  0.77255  0.59161  0.80618
     19   2.69698  5.34562  2.67833  2.27081  4.68764  3.61496  3.25154  4.17141  1.69716  3.31307  4.38729  3.08349  2.50898  2.53655  3.03114  2.56628  2.77069  3.73466  5.77985  4.37074     20 k - - -
          2.68618  4.42225  2.77519  2.73123  3.46354  2.40513  3.72494  3.29354  2.67741  2.69355  4.24690  2.90347  2.73739  3.18146  2.89801  2.37887  2.77519  2.98518  4.58477  3.61503
          0.01103  4.90872  5.63107  0.61958  0.77255  0.59161  0.80618
     20   2.69524  5.32566  2.14328  2.28520  4.66046  3.61699  3.31124  3.38418  1.83456  3.62647  4.36909  3.08847  3.10825  2.90506  2.74137  2.56766  3.07100  2.91061  5.76443  4.35986     21 k - - -
          2.68618  4.42225  2.77519  2.73123  3.46354  2.40513  3.72494  3.29354  2.67741  2.69355  4.24690  2.90347  2.73739  3.18146  2.89801  2.37887  2.77519  2.98518  4.58477  3.61503
          0.01103  4.90872  5.63107  0.61958  0.77255  0.59161  0.80618
     21   2.84559  4.92856  2.75036  2.60155  2.66710  3.70485  3.91783  3.53504  2.53831  2.57227  4.00865  2.86630  3.38390  2.77549  3.20225  2.91553  2.76060  1.90638  5.45368  4.14525     22 v - - -
          2.68618  4.42225  2.77519  2.73123  3.46354  2.40513  3.72494  3.29354  2.67741  2.69355  4.24690  2.90347  2.73739  3.18146  2.89801  2.37887  2.77519  2.98518  4.58477  3.61503
          0.01103  4.90872  5.63107  0.61958  0.77255  0.59161  0.80618
     22   2.29692  5.12185  3.20404  2.64615  4.38324  3.66107  3.19928  3.81284  2.37817  2.98999  4.18634  3.17366  2.02641  2.70280  2.78529  2.50116  3.07762  2.59858  5.60786  4.25624     23 p - - -
          2.68618  4.42225  2.77519  2.73123  3.46354  2.40513  3.72494  3.29354  2.67741  2.69355  4.24690  2.90347  2.73739  3.18146  2.89801  2.37887  2.77519  2.98518  4.58477  3.61503
          0.01103  4.90872  5.63107  0.61958  0.77255  0.59161  0.80618
     23   2.93602  5.37713  3.20188  2.41499  4.72626  3.69571  3.85152  4.18432  1.24279  3.66647  4.42641  2.81119  4.08583  2.95646  2.41210  2.36207  3.15982  3.08576  5.79267  4.42270     24 k - - -
          2.68618  4.42225  2.77519  2.73123  3.46354  2.40513  3.72494  3.29354  2.67741  2.69355  4.24690  2.90347  2.73739  3.18146  2.89801  2.37887  2.77519  2.98518  4.58477  3.61503
          0.05379  4.90872  3.10133  0.61958  0.77255  0.42485  1.06094
     24   2.41972  5.20617  3.16276  2.60825  4.50903  2.92677  3.84387  3.95728  2.60141  3.04041  4.27493  3.14285  1.99057  2.18129  2.64764  2.53393  2.79667  3.57744  5.68504  4.31231     25 p - - -
          2.68618  4.42225  2.77519  2.73123  3.46354  2.40513  3.72494  3.29354  2.67741  2.69355  4.24690  2.90347  2.73739  3.18146  2.89801  2.37887  2.77519  2.98518  4.58477  3.61503
          0.16505  4.91069  1.93252  0.61958  0.77255  0.58703  0.81188
     25   2.87098  5.33963  2.32445  1.51754  4.65733  3.58109  3.82407  3.39450  2.60059  3.63373  4.39508  1.97988  4.01062  2.93598  3.10045  2.83338  3.10834  3.16207  5.78784  4.37849     26 e - - -
          2.68618  4.42225  2.77519  2.73123  3.46354  2.40513  3.72494  3.29354  2.67741  2.69355  4.24690  2.90347  2.73739  3.18146  2.89801  2.37887  2.77519  2.98518  4.58477  3.61503
          0.01283  4.75847  5.48081  0.61958  0.77255  0.40659  1.09637
     26   2.87453  4.60631  3.73053  2.72586  3.74507  3.84342  3.43121  2.15374  3.07226  1.49541  3.70685  3.56952  2.90165  3.40788  2.68692  3.09095  3.10483  2.88037  5.18228  3.94794     27 l - - -
          2.68618  4.42225  2.77519  2.73123  3.46354  2.40513  3.72494  3.29354  2.67741  2.69355  4.24690  2.90347  2.73739  3.18146  2.89801  2.37887  2.77519  2.98518  4.58477  3.61503
          0.01101  4.91069  5.63304  0.61958  0.77255  0.58703  0.81188
     27   2.87056  4.90715  3.38443  2.82354  3.34058  3.73786  1.62518  3.50013  2.78797  2.75079  3.99102  3.31608  4.12412  2.80125  2.71608  2.22767  3.10105  3.21873  5.38941  3.33092     28 h - - -
          2.68618  4.42225  2.77519  2.73123  3.46354  2.40513  3.72494  3.29354  2.67741  2.69355  4.24690  2.90347  2.73739  3.18146  2.89801  2.37887  2.77519  2.98518  4.58477  3.61503
          0.01101  4.91069  5.63304  0.61958  0.77255  0.58703  0.81188
     28   2.04480  5.27496  3.12681  1.81505  4.58823  3.63304  3.36803  4.05060  2.56743  3.56572  4.32521  3.11477  2.84886  2.64977  2.43698  2.82756  3.07976  2.65589  5.72665  4.33829     29 e - - -
          2.68618  4.42225  2.77519  2.73123  3.46354  2.40513  3.72494  3.29354  2.67741  2.69355  4.24690  2.90347  2.73739  3.18146  2.89801  2.37887  2.77519  2.98518  4.58477  3.61503
          0.01101  4.91069  5.63304  0.61958  0.77255  0.42728  1.05636
     29   3.16804  5.50152  3.24050  2.85763  5.02897  2.61514  4.10419  4.47715  0.83630  3.95443  4.74784  2.77577  4.28418  3.23120  3.08951  2.71146  3.43267  4.04490  6.06269  4.72614     30 k - - -
          2.68618  4.42225  2.77519  2.73123  3.46354  2.40513  3.72494  3.29354  2.67741  2.69355  4.24690  2.90347  2.73739  3.18146  2.89801  2.37887  2.77519  2.98518  4.58477  3.61503
          0.01057  4.95118  5.67353  0.61958  0.77255  0.48576  0.95510
     30   3.74146  5.89083  3.70943  3.32449  5.45755  4.18502  4.28820  4.87461  0.48100  4.25466  5.14067  2.70282  4.65143  3.43210  2.78699  3.70749  3.94440  4.50855  6.20627  5.02942     31 K - - -
          2.68618  4.42225  2.77519  2.73123  3.46354  2.40513  3.72494  3.29354  2.67741  2.69355  4.24690  2.90347  2.73739  3.18146  2.89801  2.37887  2.77519  2.98518  4.58477  3.61503
          0.01057  4.95118  5.67353  0.61958  0.77255  0.48576  0.95510
     31   2.59400  2.65878  4.77906  4.18130  3.46169  3.07668  4.46575  2.09049  4.00276  2.24940  3.47035  4.23593  4.48082  4.16560  4.06732  3.42450  2.50283  1.33676  5.00446  3.82309     32 v - - -
          2.68618  4.42225  2.77519  2.73123  3.46354  2.40513  3.72494  3.29354  2.67741  2.69355  4.24690  2.90347  2.73739  3.18146  2.89801  2.37887  2.77519  2.98518  4.58477  3.61503
          0.01057  4.95118  5.67353  0.61958  0.77255  0.48576  0.95510
     32   3.54754  3.41104  5.41888  4.83585  3.57015  4.78437  5.15768  2.63795  4.66295  1.55347  0.87659  4.93402  5.04832  4.73536  4.69587  4.12969  3.78108  2.42925  5.49159  4.40142     33 m - - -
          2.68618  4.42225  2.77519  2.73123  3.46354  2.40513  3.72494  3.29354  2.67741  2.69355  4.24690  2.90347  2.73739  3.18146  2.89801  2.37887  2.77519  2.98518  4.58477  3.61503
          0.01057  4.95118  5.67353  0.61958  0.77255  0.48576  0.95510
     33   1.95555  4.46330  4.67987  4.10327  3.56206  4.15164  4.54707  2.43041  3.95859  1.03903  3.53346  4.23797  4.53686  4.15433  4.08967  2.94810  3.27394  2.26503  5.14855  3.97038     34 l - - -
          2.68618  4.42225  2.77519  2.73123  3.46354  2.40513  3.72494  3.29354  2.67741  2.69355  4.24690  2.90347  2.73739  3.18146  2.89801  2.37887  2.77519  2.98518  4.58477  3.61503
          0.01057  4.95118  5.67353  0.61958  0.77255  0.48576  0.95510
     34   2.86300  2.61778  3.70903  3.15336  3.37790  3.78698  3.35127  3.26258  3.11559  2.96286  3.84270  3.56264  3.38087  3.42806  3.49034  1.37242  2.25359  3.01158  5.31121  4.06452     35 s - - -
          2.68618  4.42225  2.77519  2.73123  3.46354  2.40513  3.72494  3.29354  2.67741  2.69355  4.24690  2.90347  2.73739  3.18146  2.89801  2.37887  2.77519  2.98518  4.58477  3.61503
          0.01057  4.95118  5.67353  0.61958  0.77255  0.48576  0.95510
     35   3.47854  2.63848  5.52715  4.99362  3.15100  4.89647  5.40719  1.32981  4.86284  2.70062  3.87402  5.05916  5.18838  5.04915  4.94230  4.26505  3.72738  0.92724  5.82890  4.62750     36 v - - -
          2.68618  4.42225  2.77519  2.73123  3.46354  2.40513  3.72494  3.29354  2.67741  2.69355  4.24690  2.90347  2.73739  3.18146  2.89801  2.37887  2.77519  2.98518  4.58477  3.61503
          0.01057  4.95118  5.67353  0.61958  0.77255  0.48576  0.95510
     36   4.49067  5.60023  5.73668  5.49000  1.45431  5.29138  4.25466  3.80659  5.26541  2.06571  4.32545  4.99599  5.53121  5.05175  5.13749  4.67785  4.69617  3.87644  0.86018  2.62612     37 w - - -
          2.68618  4.42225  2.77519  2.73123  3.46354  2.40513  3.72494  3.29354  2.67741  2.69355  4.24690  2.90347  2.73739  3.18146  2.89801  2.37887  2.77519  2.98518  4.58477  3.61503
          0.01057  4.95118  5.67353  0.61958  0.77255  0.48576  0.95510
     37   5.48104  6.38112  5.89413  5.88837  4.44061  5.13504  5.69986  5.76377  5.74647  4.93074  6.30680  5.94016  5.73501  6.05335  5.65258  5.69409  5.84855  5.64927  0.08493  4.41059     38 W - - -
          2.68618  4.42225  2.77519  2.73123  3.46354  2.40513  3.72494  3.29354  2.67741  2.69355  4.24690  2.90347  2.73739  3.18146  2.89801  2.37887  2.77519  2.98518  4.58477  3.61503
          0.01057  4.95118  5.67353  0.61958  0.77255  0.48576  0.95510
     38   3.08356  5.37765  1.14584  2.75225  3.18236  3.11791  4.14853  4.27008  3.02983  3.83160  4.63998  3.28589  4.23229  3.30427  3.53553  1.67531  3.37387  3.86860  6.00507  4.60243     39 d - - -
          2.68618  4.42225  2.77519  2.73123  3.46354  2.40513  3.72494  3.29354  2.67741  2.69355  4.24690  2.90347  2.73739  3.18146  2.89801  2.37887  2.77519  2.98518  4.58477  3.61503
          0.01057  4.95118  5.67353  0.61958  0.77255  0.48576  0.95510
     39   1.76064  5.02602  2.99378  2.73239  4.26334  3.69926  3.91412  3.67347  2.72489  3.28883  3.59429  3.24615  4.09257  2.31731  3.18386  2.24676  2.39681  2.51493  5.54432  4.21754     40 a - - -
          2.68618  4.42225  2.77519  2.73123  3.46354  2.40513  3.72494  3.29354  2.67741  2.69355  4.24690  2.90347  2.73739  3.18146  2.89801  2.37887  2.77519  2.98518  4.58477  3.61503
          0.01057  4.95118  5.67353  0.61958  0.77255  0.48576  0.95510
     40   2.43384  5.38719  2.84533  2.03764  4.73515  3.64808  2.87377  4.21738  1.50824  3.68960  4.42900  3.11568  4.04333  2.63615  2.51432  2.84487  3.11311  3.77980  5.81398  4.40927     41 k - - -
          2.68618  4.42225  2.77519  2.73123  3.46354  2.40513  3.72494  3.29354  2.67741  2.69355  4.24690  2.90347  2.73739  3.18146  2.89801  2.37887  2.77519  2.98518  4.58477  3.61503
          0.07152  4.95118  2.78151  0.61958  0.77255  0.48576  0.95510
     41   3.73014  5.75888  2.50142  3.42634  5.78153  0.32645  5.07552  5.46667  4.28829  4.99311  5.91639  3.92217  4.75616  4.34517  4.79534  3.76963  4.18761  4.86448  6.83341  5.66555     42 G - - -
          2.68618  4.42225  2.77519  2.73123  3.46354  2.40513  3.72494  3.29354  2.67741  2.69355  4.24690  2.90347  2.73739  3.18146  2.89801  2.37887  2.77519  2.98518  4.58477  3.61503
          0.01123  4.89089  5.61324  0.61958  0.77255  0.63170  0.75862
     42   3.24098  4.57371  5.14927  4.56448  3.59709  4.49596  4.86785  1.98393  4.39532  1.72800  2.40127  4.62883  3.55796  4.53160  4.44623  3.82478  3.47559  1.09061  5.31845  4.16322     43 v - - -
          2.68618  4.42225  2.77519  2.73123  3.46354  2.40513  3.72494  3.29354  2.67741  2.69355  4.24690  2.90347  2.73739  3.18146  2.89801  2.37887  2.77519  2.98518  4.58477  3.61503
          0.01123  4.89089  5.61324  0.61958  0.77255  0.63170  0.75862
     43   3.28399  4.65292  4.93206  2.56806  3.67913  4.51627  4.87780  1.49685  4.23849  1.21548  3.56451  4.55067  4.82924  4.43456  4.38274  3.83663  3.51946  1.90014  5.42280  4.26063     44 l - - -
          2.68618  4.42225  2.77519  2.73123  3.46354  2.40513  3.72494  3.29354  2.67741  2.69355  4.24690  2.90347  2.73739  3.18146  2.89801  2.37887  2.77519  2.98518  4.58477  3.61503
          0.01123  4.89089  5.61324  0.61958  0.77255  0.63170  0.75862
     44   4.39476  5.52877  5.51233  5.25949  1.58750  5.12835  2.48275  4.10048  5.06171  1.89713  4.67283  4.78889  5.41223  4.89375  4.97954  4.49512  4.60323  3.99682  4.16544  0.87683     45 y - - -
          2.68618  4.42225  2.77519  2.73123  3.46354  2.40513  3.72494  3.29354  2.67741  2.69355  4.24690  2.90347  2.73739  3.18146  2.89801  2.37887  2.77519  2.98518  4.58477  3.61503
          0.01123  4.89089  5.61324  0.61958  0.77255  0.63170  0.75862
     45   2.85965  2.88442  4.68802  4.08237  2.48339  4.01307  4.33263  2.45740  3.89560  2.19367  3.37318  4.12910  4.37786  4.05127  2.96553  3.31852  2.42464  2.50379  2.40548  2.30249     46 l - - -
          2.68618  4.42225  2.77519  2.73123  3.46354  2.40513  3.72494  3.29354  2.67741  2.69355  4.24690  2.90347  2.73739  3.18146  2.89801  2.37887  2.77519  2.98518  4.58477  3.61503
          0.01123  4.89089  5.61324  0.61958  0.77255  0.40425  1.10104
     46   2.68085  5.55569  1.98786  1.29284  4.88941  3.67261  3.94519  4.38470  2.37905  3.85610  4.60827  3.13323  4.12479  2.67748  3.24630  2.41490  3.25918  3.94193  5.98687  4.55390     47 e - - -
          2.68618  4.42225  2.77519  2.73123  3.46354  2.40513  3.72494  3.29354  2.67741  2.69355  4.24690  2.90347  2.73739  3.18146  2.89801  2.37887  2.77519  2.98518  4.58477  3.61503
          0.01057  4.95118  5.67353  0.61958  0.77255  0.48576  0.95510
     47   4.20727  5.38417  5.60615  5.29901  2.01809  5.08501  4.19627  3.76670  5.08542  0.84334  4.32954  4.85972  5.36321  4.92370  4.97709  4.44687  4.41996  3.72384  2.81265  1.55872     48 l - - -
          2.68618  4.42225  2.77519  2.73123  3.46354  2.40513  3.72494  3.29354  2.67741  2.69355  4.24690  2.90347  2.73739  3.18146  2.89801  2.37887  2.77519  2.98518  4.58477  3.61503
          0.06885  4.95118  2.82244  0.61958  0.77255  0.48576  0.95510
     48   2.88653  4.48086  4.01053  3.43927  3.59413  3.91312  4.19528  2.93829  2.79550  1.14548  2.64893  3.76379  3.39781  3.62087  3.58096  2.65418  3.12117  2.73910  5.08142  3.87395     49 l - - -
          2.68618  4.42225  2.77519  2.73123  3.46354  2.40513  3.72494  3.29354  2.67741  2.69355  4.24690  2.90347  2.73739  3.18146  2.89801  2.37887  2.77519  2.98518  4.58477  3.61503
          0.01120  4.89353  5.61588  0.61958  0.77255  0.62592  0.76522
     49   2.93356  5.44176  2.29380  2.13032  4.77372  3.63569  3.87545  4.25942  2.21640  3.15580  4.49153  2.51079  1.70716  2.98218  3.14300  2.88771  3.17036  3.82643  5.87699  4.45855     50 p - - -
          2.68618  4.42225  2.77519  2.73123  3.46354  2.40513  3.72494  3.29354  2.67741  2.69355  4.24690  2.90347  2.73739  3.18146  2.89801  2.37887  2.77519  2.98518  4.58477  3.61503
          0.01120  4.89353  5.61588  0.61958  0.77255  0.62592  0.76522
     50   2.83962  5.34174  2.39735  1.98510  4.68348  3.61096  2.84274  3.22187  2.16549  3.64507  4.38367  3.07960  2.36529  2.63558  2.77458  2.80303  3.07081  3.73067  5.77570  4.36720     51 e - - -
          2.68618  4.42225  2.77519  2.73123  3.46354  2.40513  3.72494  3.29354  2.67741  2.69355  4.24690  2.90347  2.73739  3.18146  2.89801  2.37887  2.77519  2.98518  4.58477  3.61503
          0.06231  4.89353  2.93911  0.61958  0.77255  0.62592  0.76522
     51   2.96011  5.46005  2.59994  2.30382  4.78309  1.37019  3.39609  4.26708  2.42056  3.75620  4.51694  2.68767  4.07465  3.00811  3.18910  2.91126  2.64420  3.84086  5.90044  4.47906     52 g - - -
          2.68618  4.42225  2.77519  2.73123  3.46354  2.40513  3.72494  3.29354  2.67741  2.69355  4.24690  2.90347  2.73739  3.18146  2.89801  2.37887  2.77519  2.98518  4.58477  3.61503
          0.01178  4.84300  5.56535  0.61958  0.77255  0.35910  1.19833
     52   2.48570  5.35261  3.12559  1.96360  4.69086  3.64245  3.42789  4.16842  1.75982  3.65272  4.39598  3.11361  4.03516  2.55669  2.55313  2.83385  2.31988  3.12361  5.78731  4.38574     53 k - - -
          2.68618  4.42225  2.77519  2.73123  3.46354  2.40513  3.72494  3.29354  2.67741  2.69355  4.24690  2.90347  2.73739  3.18146  2.89801  2.37887  2.77519  2.98518  4.58477  3.61503
          0.01057  4.95118  5.67353  0.61958  0.77255  0.48576  0.95510
     53   2.92709  4.79948  3.76195  3.21504  4.13460  3.78965  4.20759  2.78328  3.04594  3.18041  4.05908  3.60965  4.26440  3.46028  2.51075  2.62136  1.00064  3.19598  5.51126  4.26570     54 t - - -
          2.68618  4.42225  2.77519  2.73123  3.46354  2.40513  3.72494  3.29354  2.67741  2.69355  4.24690  2.90347  2.73739  3.18146  2.89801  2.37887  2.77519  2.98518  4.58477  3.61503
          0.01057  4.95118  5.67353  0.61958  0.77255  0.48576  0.95510
     54   3.07749  4.44187  4.93131  4.34116  3.58017  4.29008  4.64994  1.20907  4.16958  2.20518  2.58632  3.38736  4.63830  4.33705  4.23909  3.60699  2.85381  1.65326  5.17224  3.99024     55 i - - -
          2.68634  4.42050  2.77535  2.73104  3.46370  2.40503  3.72510  3.29370  2.67757  2.69337  4.24706  2.90363  2.73720  3.18162  2.89775  2.37878  2.77535  2.98534  4.58493  3.61519
          0.07152  2.72442  5.67353  1.59505  0.22677  0.48576  0.95510
     55   2.99332  4.98457  3.55686  3.16745  4.43943  3.74648  4.32109  3.79505  3.17100  2.73098  4.38864  1.38873  4.30107  3.54072  3.55335  3.11151  1.30452  3.47101  5.79855  4.49448     63 t - - -
          2.68618  4.42225  2.77519  2.73123  3.46354  2.40513  3.72494  3.29354  2.67741  2.69355  4.24690  2.90347  2.73739  3.18146  2.89801  2.37887  2.77519  2.98518  4.58477  3.61503
          0.01057  4.95118  5.67353  0.61958  0.77255  0.48576  0.95510
     56   1.50031  5.02939  2.82223  3.01266  4.80247  1.90160  4.24673  4.25814  3.07226  3.83103  4.60877  3.45309  4.18067  3.39614  3.52843  1.90777  2.25375  3.77400  6.01963  4.68865     64 a - - -
          2.68618  4.42225  2.77519  2.73123  3.46354  2.40513  3.72494  3.29354  2.67741  2.69355  4.24690  2.90347  2.73739  3.18146  2.89801  2.37887  2.77519  2.98518  4.58477  3.61503
          0.01057  4.95118  5.67353  0.61958  0.77255  0.48576  0.95510
     57   2.90924  5.42813  1.91023  1.67684  4.76944  3.64398  3.85948  4.25829  2.31418  3.73183  4.47241  2.85152  3.41852  2.76232  3.11069  2.38223  2.59258  3.81726  5.86045  4.44258     65 e - - -
          2.68618  4.42225  2.77519  2.73123  3.46354  2.40513  3.72494  3.29354  2.67741  2.69355  4.24690  2.90347  2.73739  3.18146  2.89801  2.37887  2.77519  2.98518  4.58477  3.61503
          0.01057  4.95118  5.67353  0.61958  0.77255  0.48576  0.95510
     58   2.87864  3.48144  4.14799  3.56804  3.52639  3.94603  4.23352  2.87436  2.70702  2.06377  3.52776  3.84874  3.45207  3.72530  3.14680  3.21976  2.54155  1.88823  5.02000  2.04402     66 v - - -
          2.68618  4.42225  2.77519  2.73123  3.46354  2.40513  3.72494  3.29354  2.67741  2.69355  4.24690  2.90347  2.73739  3.18146  2.89801  2.37887  2.77519  2.98518  4.58477  3.61503
          0.01057  4.95118  5.67353  0.61958  0.77255  0.48576  0.95510
     59   4.87517  5.94495  5.32980  5.22049  2.57057  5.27619  2.72992  4.69220  4.96667  3.83344  5.19160  4.85687  5.60641  4.98125  4.95444  4.75411  5.09275  4.61550  4.24473  0.32161     67 Y - - -
          2.68618  4.42225  2.77519  2.73123  3.46354  2.40513  3.72494  3.29354  2.67741  2.69355  4.24690  2.90347  2.73739  3.18146  2.89801  2.37887  2.77519  2.98518  4.58477  3.61503
          0.01057  4.95118  5.67353  0.61958  0.77255  0.48576  0.95510
     60   1.88148  2.93411  2.87803  2.78747  3.20339  3.72257  3.93746  3.23302  2.77518  3.18910  4.02516  2.79545  4.11139  3.11763  2.60784  2.13361  2.82279  3.25857  5.47046  4.16267     68 a - - -
          2.68618  4.42225  2.77519  2.73123  3.46354  2.40513  3.72494  3.29354  2.67741  2.69355  4.24690  2.90347  2.73739  3.18146  2.89801  2.37887  2.77519  2.98518  4.58477  3.61503
          0.01057  4.95118  5.67353  0.61958  0.77255  0.48576  0.95510
     61   2.88492  5.36460  3.11103  2.29537  4.70176  3.64846  3.84291  4.17825  2.57662  3.66573  4.41249  2.59335  4.04807  2.13620  2.69253  1.67792  2.25349  3.75210  5.80327  4.40168     69 s - - -
          2.68618  4.42225  2.77519  2.73123  3.46354  2.40513  3.72494  3.29354  2.67741  2.69355  4.24690  2.90347  2.73739  3.18146  2.89801  2.37887  2.77519  2.98518  4.58477  3.61503
          0.01057  4.95118  5.67353  0.61958  0.77255  0.48576  0.95510
     62   2.94133  4.99440  3.43113  2.62156  3.16277  3.78935  3.97545  3.58475  2.74817  2.12451  4.06267  3.35867  4.17457  1.35767  2.67595  3.01606  3.16781  3.30750  5.49091  4.19106     70 q - - -
          2.68618  4.42225  2.77519  2.73123  3.46354  2.40513  3.72494  3.29354  2.67741  2.69355  4.24690  2.90347  2.73739  3.18146  2.89801  2.37887  2.77519  2.98518  4.58477  3.61503
          0.01057  4.95118  5.67353  0.61958  0.77255  0.48576  0.95510
     63   3.35105  4.70016  5.19348  4.59828  3.50459  4.56145  4.89452  1.79268  4.42064  0.94058  2.20578  4.68425  4.85314  4.52339  4.46209  2.90997  3.57905  2.64342  5.30336  4.18438     71 l - - -
          2.68618  4.42225  2.77519  2.73123  3.46354  2.40513  3.72494  3.29354  2.67741  2.69355  4.24690  2.90347  2.73739  3.18146  2.89801  2.37887  2.77519  2.98518  4.58477  3.61503
          0.01057  4.95118  5.67353  0.61958  0.77255  0.48576  0.95510
     64   2.44225  5.32216  2.49206  1.96135  4.64818  3.63822  3.82776  2.62753  2.57000  3.61915  4.36799  2.79153  4.03167  2.15898  2.48681  2.82944  3.08931  3.70255  3.95199  4.36718     72 e - - -
          2.68618  4.42225  2.77519  2.73123  3.46354  2.40513  3.72494  3.29354  2.67741  2.69355  4.24690  2.90347  2.73739  3.18146  2.89801  2.37887  2.77519  2.98518  4.58477  3.61503
          0.01057  4.95118  5.67353  0.61958  0.77255  0.48576  0.95510
     65   2.96802  5.46883  3.08961  2.00356  4.81928  3.68663  3.88920  4.29833  1.37867  3.76646  4.51626  2.57060  4.10108  2.41437  3.06141  2.24694  3.19886  3.86412  5.88681  4.48592     73 k - - -
          2.68618  4.42225  2.77519  2.73123  3.46354  2.40513  3.72494  3.29354  2.67741  2.69355  4.24690  2.90347  2.73739  3.18146  2.89801  2.37887  2.77519  2.98518  4.58477  3.61503
          0.01057  4.95118  5.67353  0.61958  0.77255  0.48576  0.95510
     66   2.93642  4.31961  4.81804  4.20921  2.85928  4.10204  4.43122  2.33528  4.01346  1.33665  2.23884  4.23688  4.45954  4.15500  3.42503  2.93950  3.16805  1.95719  4.93858  3.76632     74 l - - -
          2.68606  4.42228  2.77522  2.73126  3.46357  2.40516  3.72497  3.29357  2.67744  2.69343  4.24693  2.90349  2.73742  3.18149  2.89804  2.37890  2.77522  2.98501  4.58480  3.61506
          0.03656  3.42769  5.67353  0.83512  0.56885  0.48576  0.95510
     67   2.28747  5.34134  3.20964  2.64298  4.67191  3.69568  2.54537  4.12744  1.87617  3.62850  4.39197  2.57197  4.08467  2.96818  1.91342  2.89807  3.14733  2.88875  5.77251  4.40078     78 k - - -
          2.68618  4.42225  2.77519  2.73123  3.46354  2.40513  3.72494  3.29354  2.67741  2.69355  4.24690  2.90347  2.73739  3.18146  2.89801  2.37887  2.77519  2.98518  4.58477  3.61503
          0.01057  4.95118  5.67353  0.61958  0.77255  0.48576  0.95510
     68   2.66652  5.35044  3.11640  2.22637  4.68830  3.63612  2.91610  3.45515  2.17325  3.23320  4.39333  2.45085  4.02929  1.77606  2.84986  2.65014  3.09113  3.73728  5.78664  4.38199     79 q - - -
          2.68618  4.42225  2.77519  2.73123  3.46354  2.40513  3.72494  3.29354  2.67741  2.69355  4.24690  2.90347  2.73739  3.18146  2.89801  2.37887  2.77519  2.98518  4.58477  3.61503
          0.01057  4.95118  5.67353  0.61958  0.77255  0.48576  0.95510
     69   1.32359  5.15800  3.29969  2.75089  4.45006  3.72509  3.93221  3.86851  1.92532  2.83673  4.25590  3.26381  4.12777  2.71356  3.08732  2.55369  3.16218  3.52751  5.66362  4.33231     80 a - - -
          2.68618  4.42225  2.77519  2.73123  3.46354  2.40513  3.72494  3.29354  2.67741  2.69355  4.24690  2.90347  2.73739  3.18146  2.89801  2.37887  2.77519  2.98518  4.58477  3.61503
          0.01057  4.95118  5.67353  0.61958  0.77255  0.48576  0.95510
     70   3.36777  4.69048  5.32292  4.72623  3.53552  4.61437  4.95894  1.54031  4.54225  1.16739  2.68106  4.76922  4.89889  4.62240  4.55095  3.94537  3.59590  1.81663  5.33560  3.18425     81 l - - -
          2.68618  4.42225  2.77519  2.73123  3.46354  2.40513  3.72494  3.29354  2.67741  2.69355  4.24690  2.90347  2.73739  3.18146  2.89801  2.37887  2.77519  2.98518  4.58477  3.61503
          0.01057  4.95118  5.67353  0.61958  0.77255  0.48576  0.95510
     71   2.57097  5.35050  2.85049  2.56035  4.68842  2.93695  3.22888  3.04170  1.79128  3.65189  4.39341  3.10669  3.50556  2.31084  2.19787  2.82623  3.09110  3.73737  5.78671  4.38203     82 k - - -
          2.68618  4.42225  2.77519  2.73123  3.46354  2.40513  3.72494  3.29354  2.67741  2.69355  4.24690  2.90347  2.73739  3.18146  2.89801  2.37887  2.77519  2.98518  4.58477  3.61503
          0.01057  4.95118  5.67353  0.61958  0.77255  0.48576  0.95510
     72   2.85887  5.22996  3.16735  1.56988  4.52165  3.65571  3.26155  3.30384  2.47641  3.08171  4.28519  3.14790  3.58057  2.96607  2.45677  2.40982  2.86443  2.81138  5.69579  4.32016     83 e - - -
          2.68618  4.42225  2.77519  2.73123  3.46354  2.40513  3.72494  3.29354  2.67741  2.69355  4.24690  2.90347  2.73739  3.18146  2.89801  2.37887  2.77519  2.98518  4.58477  3.61503
          0.01057  4.95118  5.67353  0.61958  0.77255  0.48576  0.95510
     73   2.89851  5.22462  3.23060  2.66725  4.51346  2.99598  3.28115  3.95050  1.30864  2.76599  4.28550  3.19527  4.08448  2.99851  2.80714  2.39687  3.12675  3.06870  5.68831  4.33251     84 k - - -
          2.68618  4.42225  2.77519  2.73123  3.46354  2.40513  3.72494  3.29354  2.67741  2.69355  4.24690  2.90347  2.73739  3.18146  2.89801  2.37887  2.77519  2.98518  4.58477  3.61503
          0.01057  4.95118  5.67353  0.61958  0.77255  0.48576  0.95510
     74   2.71316  5.38626  3.25733  2.69288  4.73625  3.73538  3.07064  4.18587  2.53178  3.67627  4.44488  3.21916  3.14435  2.26751  1.29624  2.60732  3.20037  3.78415  5.80722  4.44958     85 r - - -
          2.68618  4.42225  2.77519  2.73123  3.46354  2.40513  3.72494  3.29354  2.67741  2.69355  4.24690  2.90347  2.73739  3.18146  2.89801  2.37887  2.77519  2.98518  4.58477  3.61503
          0.01057  4.95118  5.67353  0.61958  0.77255  0.48576  0.95510
     75   2.87660  5.26700  3.17267  2.61602  4.57083  2.67633  3.27542  4.02360  2.36009  2.67788  4.32089  3.15302  1.86098  2.68722  2.69546  2.39578  3.10657  3.63577  5.72302  4.34640     86 p - - -
          2.68618  4.42225  2.77519  2.73123  3.46354  2.40513  3.72494  3.29354  2.67741  2.69355  4.24690  2.90347  2.73739  3.18146  2.89801  2.37887  2.77519  2.98518  4.58477  3.61503
          0.01057  4.95118  5.67353  0.61958  0.77255  0.48576  0.95510
     76   2.42968  5.36135  2.90280  1.94232  4.70144  2.18469  3.40214  4.18250  2.18890  3.27075  4.40402  3.10713  4.03221  2.92418  2.14336  2.83030  3.09676  3.74946  5.79582  4.38980     87 e - - -
          2.68618  4.42225  2.77519  2.73123  3.46354  2.40513  3.72494  3.29354  2.67741  2.69355  4.24690  2.90347  2.73739  3.18146  2.89801  2.37887  2.77519  2.98518  4.58477  3.61503
          0.01057  4.95118  5.67353  0.61958  0.77255  0.48576  0.95510
     77   2.86143  3.75163  2.97847  2.74158  3.41120  3.31346  3.91462  3.63300  1.92363  2.34042  3.39316  3.25358  3.18770  2.83500  2.49037  2.64791  3.09279  2.89127  5.51747  4.19585     88 k - - -
          2.68618  4.42225  2.77519  2.73123  3.46354  2.40513  3.72494  3.29354  2.67741  2.69355  4.24690  2.90347  2.73739  3.18146  2.89801  2.37887  2.77519  2.98518  4.58477  3.61503
          0.01057  4.95118  5.67353  0.61958  0.77255  0.48576  0.95510
     78   2.38753  4.58781  3.14471  3.18852  3.72379  3.85283  3.53563  2.62935  2.84423  2.19648  3.69121  3.19076  3.42670  3.44320  3.49450  2.51692  3.10321  1.90619  3.57582  3.36674     89 v - - -
          2.68618  4.42225  2.77519  2.73123  3.46354  2.40513  3.72494  3.29354  2.67741  2.69355  4.24690  2.90347  2.73739  3.18146  2.89801  2.37887  2.77519  2.98518  4.58477  3.61503
          0.01057  4.95118  5.67353  0.61958  0.77255  0.48576  0.95510
     79   2.44162  5.25392  3.16376  2.60613  4.55414  3.65602  3.84599  3.36725  1.95348  2.83704  4.30732  2.81038  4.04786  2.77202  2.08543  2.34260  2.50203  3.62035  5.71353  4.33446     90 k - - -
          2.68618  4.42225  2.77519  2.73123  3.46354  2.40513  3.72494  3.29354  2.67741  2.69355  4.24690  2.90347  2.73739  3.18146  2.89801  2.37887  2.77519  2.98518  4.58477  3.61503
          0.01057  4.95118  5.67353  0.61958  0.77255  0.48576  0.95510
     80   2.93008  4.50663  4.08931  3.50240  3.63059  3.97288  4.23705  2.57597  2.63197  1.95890  3.61277  3.82077  4.34339  3.66659  2.23104  3.24432  2.90007  1.49177  5.11607  3.90968     91 v - - -
          2.68618  4.42225  2.77519  2.73123  3.46354  2.40513  3.72494  3.29354  2.67741  2.69355  4.24690  2.90347  2.73739  3.18146  2.89801  2.37887  2.77519  2.98518  4.58477  3.61503
          0.00712  4.94774        *  0.61958  0.77255  0.00000        *
//
